855410 0 8651770 2
855410 0 8651771 2
855410 0 8651772 1
855410 0 8651775 3
146187 0 1230566 1
146187 0 1841197 1
146187 0 4214923 1
146187 0 4214925 1
146187 0 4741857 2
146187 0 4777144 2
146187 0 4777148 0
146187 0 6015024 1
146187 0 6015026 1
146187 0 6430258 1
146187 0 6430259 1
146187 0 6430260 0
146187 0 7405002 0
146187 0 744165 0
146187 0 76348 0
146187 0 8434618 1
146187 0 8434619 3
146187 0 8434620 0
146187 0 8434622 0
146187 0 8434623 0
146187 0 8434624 3
146187 0 8434625 3
146187 0 8434626 3
130510 0 1110766 1
130510 0 1494930 2
130510 0 1494931 2
130510 0 1494932 0
130510 0 1494935 2
130510 0 1494936 1
130510 0 1494938 1
130510 0 1494939 1
130510 0 2982053 1
130510 0 3995677 1
130510 0 4022904 1
130510 0 6183638 1
130510 0 6486232 1
130510 0 6815300 0
130510 0 7125239 1
130510 0 7501558 0
130510 0 7501560 0
130510 0 7501563 1
130510 0 799647 3
130510 0 8514425 0
130510 0 8612902 1
130510 0 8612903 3
130510 0 8612904 1
130510 0 8612906 2
130510 0 8612909 2
130510 0 8612910 3
130510 0 996732 1
130510 0 996740 0
1110199 0 1321205 0
1110199 0 1732296 2
1110199 0 1901875 2
1110199 0 1901876 2
1110199 0 1901877 2
1110199 0 1901878 3
1110199 0 1901879 2
1110199 0 1901881 1
1110199 0 1901882 3
1110199 0 239444 0
1110199 0 2796199 0
1110199 0 2811563 0
1110199 0 3110637 1
1110199 0 3838638 3
1110199 0 3838645 2
1110199 0 4053650 1
1110199 0 4053652 1
1110199 0 4504233 0
1110199 0 4511137 3
1110199 0 4511144 2
1110199 0 5049363 1
1110199 0 5172684 1
1110199 0 5218014 0
1110199 0 5857921 1
1110199 0 6368887 1
1110199 0 6368891 1
1110199 0 7221366 2
1110199 0 8160518 3
1110199 0 8160519 2
1110199 0 8160520 3
1110199 0 8160521 1
1110199 0 8160522 1
1110199 0 8160524 0
1110199 0 8160527 1
1110199 0 8301971 0
490595 0 1160847 2
490595 0 1473259 3
490595 0 1652460 2
490595 0 1814180 3
490595 0 1894652 1
490595 0 1929910 3
490595 0 1929911 1
490595 0 2850740 1
490595 0 3595607 2
490595 0 3833407 3
490595 0 3833410 2
490595 0 3937195 1
490595 0 3937197 2
490595 0 3937200 1
490595 0 3937202 0
490595 0 3937203 1
490595 0 3948082 0
490595 0 4082316 0
490595 0 4082319 1
490595 0 4737059 3
490595 0 4737060 3
490595 0 4737061 2
490595 0 4737063 2
490595 0 4737064 2
490595 0 4737065 3
490595 0 4737066 2
490595 0 4737067 2
490595 0 4737068 1
490595 0 4763066 1
490595 0 4842889 2
490595 0 4842890 1
490595 0 4842891 1
490595 0 4842894 1
490595 0 4842895 0
490595 0 4842896 0
490595 0 4842897 1
490595 0 5112294 0
490595 0 5149754 0
490595 0 5247992 1
490595 0 5247999 2
490595 0 5248000 1
490595 0 526093 1
490595 0 549465 2
490595 0 5633631 1
490595 0 6412650 1
490595 0 6742119 2
490595 0 6976960 0
490595 0 7698199 1
490595 0 7704024 1
490595 0 805046 2
490595 0 805047 1
490595 0 805048 1
490595 0 805051 3
490595 0 8485139 3
490595 0 8485141 2
573724 0 1005338 1
573724 0 104856 0
573724 0 1165129 2
573724 0 1509940 2
573724 0 1509942 0
573724 0 1816038 3
573724 0 2002448 0
573724 0 2021252 0
573724 0 2133806 1
573724 0 2819390 0
573724 0 3059586 2
573724 0 3059589 1
573724 0 3146238 3
573724 0 3365631 2
573724 0 3365633 1
573724 0 3365635 3
573724 0 3365636 2
573724 0 3365638 2
573724 0 3365639 3
573724 0 3937080 1
573724 0 394136 0
573724 0 394138 0
573724 0 394139 0
573724 0 394141 1
573724 0 394142 1
573724 0 4017883 0
573724 0 41433 0
573724 0 5047796 1
573724 0 5310530 0
573724 0 5339620 1
573724 0 5721829 1
573724 0 5721831 0
573724 0 5962420 0
573724 0 5962423 0
573724 0 5962428 1
573724 0 613337 1
573724 0 6776717 1
573724 0 6789025 1
573724 0 7104825 0
573724 0 7104826 0
573724 0 7104827 1
573724 0 7199667 0
573724 0 7199669 2
573724 0 7199672 0
573724 0 7199673 2
573724 0 7199674 0
573724 0 7199675 0
573724 0 7384329 0
573724 0 7384332 3
573724 0 7384333 0
573724 0 7589690 0
573724 0 7609927 3
573724 0 7609928 0
573724 0 7609930 2
573724 0 7609932 0
573724 0 7674858 0
573724 0 7674859 0
573724 0 7964601 0
573724 0 8047166 1
573724 0 8272972 0
573724 0 8441642 0
573724 0 8444730 0
573724 0 8530902 2
573724 0 87400 2
573724 0 87404 0
573724 0 87405 2
573724 0 8833192 0
573724 0 8833194 0
573724 0 8833199 1
87452 0 1294588 1
87452 0 1395633 0
87452 0 1697677 0
87452 0 1697679 0
87452 0 1770630 0
87452 0 186931 0
87452 0 186939 0
87452 0 1890452 2
87452 0 2026777 1
87452 0 2052496 1
87452 0 227211 2
87452 0 2312984 1
87452 0 2357235 0
87452 0 2588902 0
87452 0 2624886 3
87452 0 2705839 0
87452 0 2918391 0
87452 0 3019505 0
87452 0 3242437 2
87452 0 3289965 0
87452 0 4079788 0
87452 0 4096633 0
87452 0 4233763 0
87452 0 4284131 0
87452 0 4307936 0
87452 0 4561062 0
87452 0 4634899 0
87452 0 4654326 0
87452 0 4971349 0
87452 0 5031929 0
87452 0 5219890 1
87452 0 5286924 2
87452 0 5296736 1
87452 0 5549020 0
87452 0 5746165 1
87452 0 5746167 0
87452 0 5851090 0
87452 0 6018160 2
87452 0 6018163 0
87452 0 6018164 2
87452 0 6018165 3
87452 0 6018166 0
87452 0 6018168 3
87452 0 6271635 1
87452 0 6335465 0
87452 0 6673729 0
87452 0 6873071 0
87452 0 7039125 0
87452 0 7070552 0
87452 0 7070558 0
87452 0 7353355 0
87452 0 7353359 0
87452 0 7476937 0
87452 0 7561798 0
87452 0 7561800 2
87452 0 7561801 2
87452 0 7561803 0
87452 0 7843984 0
87452 0 7965004 0
87452 0 7965007 0
87452 0 7965011 0
87452 0 8055174 1
87452 0 8081937 0
87452 0 8152222 0
87452 0 8152225 0
87452 0 8289253 0
87452 0 8333912 2
87452 0 8333916 3
87452 0 8333917 2
87452 0 8333919 0
87452 0 8333920 0
87452 0 8333921 2
87452 0 8436576 0
87452 0 8436578 0
87452 0 8436579 0
87452 0 8438483 0
87452 0 8680815 3
87452 0 8819111 0
87452 0 8819112 0
87452 0 8819114 0
87452 0 8819116 0
489204 0 1051494 0
489204 0 1051498 1
489204 0 1090435 2
489204 0 1114410 0
489204 0 1231674 0
489204 0 1231678 2
489204 0 1383251 0
489204 0 1430550 1
489204 0 1431271 0
489204 0 1479542 2
489204 0 1513820 2
489204 0 152948 2
489204 0 1557550 0
489204 0 1664640 0
489204 0 1664643 1
489204 0 1778458 3
489204 0 1820199 0
489204 0 1820203 2
489204 0 187571 0
489204 0 1905740 2
489204 0 216492 2
489204 0 2445205 0
489204 0 2645311 0
489204 0 2899721 2
489204 0 3049941 1
489204 0 320071 2
489204 0 320073 0
489204 0 320076 0
489204 0 320079 2
489204 0 3310420 1
489204 0 3353678 0
489204 0 3353685 0
489204 0 3438217 0
489204 0 34400 0
489204 0 3710413 0
489204 0 3980122 2
489204 0 415420 0
489204 0 4159098 2
489204 0 4159416 0
489204 0 4222521 0
489204 0 4538296 0
489204 0 4574496 0
489204 0 4586570 2
489204 0 4662177 1
489204 0 5005765 3
489204 0 5143975 0
489204 0 5156386 2
489204 0 518994 0
489204 0 5513331 0
489204 0 5541646 0
489204 0 5640841 0
489204 0 5640844 0
489204 0 5640846 0
489204 0 5640849 0
489204 0 5815957 3
489204 0 5842850 2
489204 0 5856565 0
489204 0 5856566 0
489204 0 5856571 0
489204 0 5895917 2
489204 0 6087666 2
489204 0 6327175 2
489204 0 6435264 0
489204 0 6581779 0
489204 0 6620077 0
489204 0 6727272 0
489204 0 6816322 1
489204 0 6879782 2
489204 0 7037597 0
489204 0 7064814 3
489204 0 7112941 0
489204 0 7113153 2
489204 0 7113309 0
489204 0 7134737 0
489204 0 7134742 1
489204 0 759508 1
489204 0 759509 1
489204 0 759510 2
489204 0 7652972 0
489204 0 769136 0
489204 0 7815337 1
489204 0 8047853 2
489204 0 827173 1
489204 0 827174 2
489204 0 852250 0
489204 0 852257 1
489204 0 855963 1
489204 0 8585820 0
489204 0 8594272 1
489204 0 872471 1
489204 0 8737046 1
489204 0 8737047 1
489204 0 8737051 2
489204 0 8773552 1
489204 0 883663 1
489204 0 889060 1
156493 0 1034435 0
156493 0 1101607 3
156493 0 1277720 1
156493 0 1277721 1
156493 0 1277722 2
156493 0 1277723 3
156493 0 1277724 1
156493 0 1277725 3
156493 0 1277726 3
156493 0 1277727 3
156493 0 1277728 1
156493 0 1347264 0
156493 0 1347266 0
156493 0 1420608 0
156493 0 1861640 1
156493 0 1861642 1
156493 0 1960254 1
156493 0 1960255 1
156493 0 1960256 1
156493 0 1960257 1
156493 0 1960259 3
156493 0 1960260 1
156493 0 1960261 1
156493 0 2123395 0
156493 0 2236388 1
156493 0 2259179 3
156493 0 2259180 2
156493 0 2259182 2
156493 0 2259183 1
156493 0 2317800 0
156493 0 2317802 1
156493 0 2317807 3
156493 0 2317808 1
156493 0 2403232 0
156493 0 2411918 2
156493 0 2598786 3
156493 0 2598787 3
156493 0 2612486 1
156493 0 2612490 1
156493 0 2612491 1
156493 0 2612492 1
156493 0 2612493 2
156493 0 26129 1
156493 0 2616512 2
156493 0 2708304 3
156493 0 2717163 2
156493 0 2717165 0
156493 0 2928700 1
156493 0 2928702 2
156493 0 2928704 0
156493 0 2928705 1
156493 0 2928706 0
156493 0 2928707 1
156493 0 2949801 3
156493 0 2949802 3
156493 0 316872 1
156493 0 3288595 1
156493 0 3288596 1
156493 0 3288597 1
156493 0 3288598 1
156493 0 3288599 1
156493 0 3288600 1
156493 0 3288601 1
156493 0 3288603 1
156493 0 349638 1
156493 0 349641 2
156493 0 349643 2
156493 0 349645 2
156493 0 3603920 2
156493 0 3603922 1
156493 0 3603923 1
156493 0 4131138 0
156493 0 4369922 1
156493 0 4527706 2
156493 0 4542584 1
156493 0 4583221 2
156493 0 4940228 1
156493 0 4940230 1
156493 0 4940234 1
156493 0 5009743 1
156493 0 5022725 0
156493 0 5346660 3
156493 0 5437919 0
156493 0 5506858 0
156493 0 5530082 1
156493 0 5555919 3
156493 0 5752572 0
156493 0 6139382 2
156493 0 6139383 2
156493 0 6139386 2
156493 0 6139387 2
156493 0 6357270 1
156493 0 6524746 1
156493 0 6775071 1
156493 0 6983821 2
156493 0 7055262 0
156493 0 7055263 0
156493 0 7104323 2
156493 0 7371077 2
156493 0 7371078 1
156493 0 7371079 1
156493 0 7431316 1
156493 0 750111 3
156493 0 8029433 1
156493 0 8182159 1
156493 0 8182160 1
156493 0 8182161 1
156493 0 8182162 2
156493 0 8182165 2
156493 0 8182166 0
156493 0 8245444 2
156493 0 8266017 3
156493 0 8273011 1
156493 0 8273013 1
156493 0 8273015 2
156493 0 8273017 2
156493 0 8273019 1
156493 0 8393766 1
156493 0 8725855 1
156493 0 8803136 1
156493 0 8820525 0
156493 0 8820526 1
156493 0 885944 2
156493 0 911794 3
156493 0 95512 3
156493 0 95513 2
156493 0 95514 2
156493 0 95515 1
156493 0 95517 2
156493 0 95518 2
156493 0 95519 0
156493 0 95521 2
156493 0 994486 2
451602 0 103181 0
451602 0 1078132 1
451602 0 1078134 1
451602 0 1094131 2
451602 0 1094132 2
451602 0 1094139 1
451602 0 1096342 1
451602 0 1211642 0
451602 0 1211643 0
451602 0 1211647 1
451602 0 124065 1
451602 0 1251646 0
451602 0 1277290 2
451602 0 1345709 1
451602 0 1373769 0
451602 0 1487899 0
451602 0 1542548 0
451602 0 1554231 0
451602 0 1580615 0
451602 0 1868905 0
451602 0 1897978 0
451602 0 1897981 0
451602 0 2031662 1
451602 0 2065190 0
451602 0 2084909 1
451602 0 2133671 0
451602 0 2142558 1
451602 0 2176455 1
451602 0 2176459 0
451602 0 2231589 1
451602 0 2329895 2
451602 0 23565 0
451602 0 2383971 1
451602 0 2414919 2
451602 0 2486936 1
451602 0 264875 1
451602 0 264876 0
451602 0 264881 1
451602 0 2671181 0
451602 0 2796545 1
451602 0 2922141 2
451602 0 2922142 1
451602 0 2922147 1
451602 0 2922148 1
451602 0 3090667 2
451602 0 3177691 2
451602 0 3509960 2
451602 0 3602215 0
451602 0 362771 1
451602 0 362780 0
451602 0 3781323 1
451602 0 3781331 1
451602 0 3790251 0
451602 0 384317 1
451602 0 4061142 0
451602 0 4176454 0
451602 0 4233760 2
451602 0 4352596 0
451602 0 4352597 0
451602 0 4352600 0
451602 0 436291 0
451602 0 4380277 1
451602 0 4453605 2
451602 0 4467811 0
451602 0 4495080 2
451602 0 4578310 0
451602 0 4798722 2
451602 0 4798729 1
451602 0 4863797 0
451602 0 4863800 0
451602 0 4874640 2
451602 0 4874642 2
451602 0 4874643 1
451602 0 4874644 0
451602 0 5008865 1
451602 0 508601 0
451602 0 5122675 0
451602 0 5179251 2
451602 0 5241633 1
451602 0 5320781 1
451602 0 5451777 0
451602 0 5538936 0
451602 0 5538938 2
451602 0 5538942 1
451602 0 5655693 0
451602 0 5661134 0
451602 0 5915191 0
451602 0 601510 1
451602 0 6149891 0
451602 0 6158710 0
451602 0 6171396 1
451602 0 6286973 2
451602 0 6286974 2
451602 0 6286975 2
451602 0 6286976 2
451602 0 6286977 2
451602 0 6286978 1
451602 0 6286979 1
451602 0 6286980 1
451602 0 6286981 0
451602 0 6286982 2
451602 0 631383 0
451602 0 6587791 0
451602 0 6618756 1
451602 0 6618758 0
451602 0 6618763 0
451602 0 6697737 1
451602 0 678179 0
451602 0 6824692 0
451602 0 6824695 0
451602 0 6827517 0
451602 0 6942418 0
451602 0 6942790 0
451602 0 7127634 0
451602 0 7172679 0
451602 0 7179468 0
451602 0 7179473 1
451602 0 7232293 0
451602 0 7232295 0
451602 0 7315074 0
451602 0 7428020 1
451602 0 7444911 1
451602 0 7558643 1
451602 0 7574511 0
451602 0 7693252 1
451602 0 7800959 2
451602 0 7800962 2
451602 0 7859334 0
451602 0 7871479 0
451602 0 8047626 0
451602 0 8214451 0
451602 0 8214452 2
451602 0 8281322 0
451602 0 8295161 1
451602 0 8382005 0
451602 0 8383461 2
451602 0 8383462 2
451602 0 8383463 1
451602 0 8390518 2
451602 0 8390519 1
451602 0 8390521 1
451602 0 8390525 2
451602 0 8434177 0
451602 0 8434178 0
451602 0 8434180 0
451602 0 847210 0
451602 0 8595356 0
451602 0 8621776 0
451602 0 8621779 1
451602 0 8621784 1
451602 0 930490 0
451602 0 930493 0
451602 0 96222 0
451602 0 96229 1
1133167 0 1379370 2
1133167 0 1379378 2
1133167 0 1727081 0
1133167 0 1824479 3
1133167 0 1824480 3
1133167 0 1824481 2
1133167 0 1824483 2
1133167 0 1824484 2
1133167 0 1824485 1
1133167 0 1824486 1
1133167 0 1824487 2
1133167 0 1824488 2
1133167 0 18344 0
1133167 0 18346 0
1133167 0 18351 0
1133167 0 18352 0
1133167 0 1883272 2
1133167 0 1883273 1
1133167 0 1883276 2
1133167 0 1883277 0
1133167 0 1883278 1
1133167 0 1883280 1
1133167 0 1883281 1
1133167 0 190802 2
1133167 0 190803 2
1133167 0 190804 2
1133167 0 190805 2
1133167 0 190806 2
1133167 0 190808 2
1133167 0 190809 1
1133167 0 190810 1
1133167 0 190811 2
1133167 0 2010279 2
1133167 0 2010280 2
1133167 0 2010281 2
1133167 0 2070087 1
1133167 0 2276675 1
1133167 0 2276677 1
1133167 0 2276678 2
1133167 0 2439240 0
1133167 0 2491371 1
1133167 0 2613290 0
1133167 0 2613291 2
1133167 0 2613293 1
1133167 0 2613294 0
1133167 0 2613296 2
1133167 0 2623303 0
1133167 0 2710496 0
1133167 0 2777577 1
1133167 0 3023119 1
1133167 0 3023120 2
1133167 0 3023121 1
1133167 0 3023123 2
1133167 0 3023124 1
1133167 0 3023125 1
1133167 0 3074597 0
1133167 0 3074598 3
1133167 0 3074599 1
1133167 0 3141661 0
1133167 0 3253592 0
1133167 0 3253596 0
1133167 0 3253597 1
1133167 0 332787 0
1133167 0 3355083 2
1133167 0 3391433 1
1133167 0 3391436 1
1133167 0 3391439 1
1133167 0 3421897 2
1133167 0 3421898 1
1133167 0 3421899 2
1133167 0 3421900 1
1133167 0 3421901 2
1133167 0 3421902 2
1133167 0 3421903 2
1133167 0 3421906 2
1133167 0 3560313 2
1133167 0 3598492 0
1133167 0 3821515 0
1133167 0 3821516 0
1133167 0 3944276 1
1133167 0 3944277 1
1133167 0 3953805 1
1133167 0 3953807 2
1133167 0 4131477 0
1133167 0 4192699 0
1133167 0 4194241 1
1133167 0 4226022 1
1133167 0 4294928 0
1133167 0 4294930 0
1133167 0 434119 2
1133167 0 434120 2
1133167 0 434121 1
1133167 0 434123 1
1133167 0 434124 1
1133167 0 434125 1
1133167 0 434126 0
1133167 0 4361441 1
1133167 0 4443368 1
1133167 0 4443370 1
1133167 0 4443371 1
1133167 0 4443372 1
1133167 0 4443374 0
1133167 0 4443375 0
1133167 0 4467246 0
1133167 0 4489251 1
1133167 0 4494097 1
1133167 0 4494100 1
1133167 0 4494101 1
1133167 0 4494102 0
1133167 0 4494104 0
1133167 0 4498473 1
1133167 0 4498474 2
1133167 0 4498475 2
1133167 0 4498476 2
1133167 0 4498477 1
1133167 0 4498478 1
1133167 0 4498479 2
1133167 0 4514785 0
1133167 0 4550240 2
1133167 0 4550241 2
1133167 0 4550242 1
1133167 0 4550243 0
1133167 0 4550244 2
1133167 0 4557439 1
1133167 0 4557441 0
1133167 0 4625145 0
1133167 0 4625147 0
1133167 0 4625148 0
1133167 0 4712273 2
1133167 0 4712275 0
1133167 0 4712276 0
1133167 0 4712277 0
1133167 0 4712279 0
1133167 0 4922619 2
1133167 0 4922620 0
1133167 0 4926197 2
1133167 0 4926199 0
1133167 0 4926201 0
1133167 0 4926202 0
1133167 0 4926204 0
1133167 0 4973626 2
1133167 0 5077348 0
1133167 0 563738 0
1133167 0 5674622 0
1133167 0 5674623 1
1133167 0 5787117 1
1133167 0 5943905 1
1133167 0 5943911 1
1133167 0 5985458 0
1133167 0 5990516 1
1133167 0 6020865 0
1133167 0 6020866 0
1133167 0 6103289 1
1133167 0 6103291 2
1133167 0 6103292 0
1133167 0 6112584 2
1133167 0 6112585 1
1133167 0 6112586 2
1133167 0 6112587 2
1133167 0 6112590 2
1133167 0 6112591 1
1133167 0 6112592 1
1133167 0 6112593 0
1133167 0 6138 1
1133167 0 6140 2
1133167 0 6142 2
1133167 0 6143 1
1133167 0 6144 0
1133167 0 6157109 2
1133167 0 6157112 0
1133167 0 6157113 1
1133167 0 6157114 0
1133167 0 6252360 0
1133167 0 6257034 1
1133167 0 6257038 2
1133167 0 6299572 2
1133167 0 6299574 1
1133167 0 6299575 0
1133167 0 6299576 2
1133167 0 6467517 2
1133167 0 6467518 0
1133167 0 6467519 0
1133167 0 6467521 0
1133167 0 6467522 0
1133167 0 6467523 2
1133167 0 6467524 1
1133167 0 6999438 2
1133167 0 6999439 0
1133167 0 6999440 2
1133167 0 6999442 1
1133167 0 7091940 0
1133167 0 7091943 0
1133167 0 7091944 0
1133167 0 7093509 2
1133167 0 7093510 2
1133167 0 7093511 2
1133167 0 7093512 0
1133167 0 7093513 2
1133167 0 7195800 0
1133167 0 7195802 0
1133167 0 7217701 0
1133167 0 7217702 0
1133167 0 7217705 1
1133167 0 7217706 0
1133167 0 7218012 1
1133167 0 7218013 0
1133167 0 7218015 1
1133167 0 7218016 1
1133167 0 7218018 1
1133167 0 7218019 0
1133167 0 7218021 1
1133167 0 7486594 2
1133167 0 7486596 1
1133167 0 7486597 1
1133167 0 7486599 1
1133167 0 7486600 2
1133167 0 7486601 0
1133167 0 7486602 2
1133167 0 7762240 2
1133167 0 7762241 1
1133167 0 7762244 1
1133167 0 7762245 0
1133167 0 7776428 1
1133167 0 7793408 2
1133167 0 7793409 0
1133167 0 7793411 2
1133167 0 7793414 1
1133167 0 7793416 1
1133167 0 8003293 0
1133167 0 8003295 0
1133167 0 8003299 0
1133167 0 8003301 3
1133167 0 8033644 1
1133167 0 8033645 0
1133167 0 8033646 0
1133167 0 8033647 2
1133167 0 8033648 1
1133167 0 8033650 2
1133167 0 8160224 2
1133167 0 8160225 1
1133167 0 8160230 0
1133167 0 8160241 1
1133167 0 8160242 1
1133167 0 8160243 1
1133167 0 8201914 0
1133167 0 823272 1
1133167 0 823273 1
1133167 0 823274 3
1133167 0 823275 2
1133167 0 823276 2
1133167 0 823277 2
1133167 0 823278 2
1133167 0 823279 0
1133167 0 8250497 2
1133167 0 8250498 1
1133167 0 8250500 1
1133167 0 8250501 0
1133167 0 8250503 0
1133167 0 8255701 0
1133167 0 8255702 1
1133167 0 8255703 1
1133167 0 8255704 1
1133167 0 8255705 0
1133167 0 8255706 2
1133167 0 8403745 0
1133167 0 8405628 0
1133167 0 8405630 0
1133167 0 8415742 0
1133167 0 8415743 2
1133167 0 8415744 0
1133167 0 8415746 0
1133167 0 8415747 0
1133167 0 8484844 0
1133167 0 8484845 0
1133167 0 8484846 0
1133167 0 8484849 0
1133167 0 8484851 0
1133167 0 8748586 0
1133167 0 8748587 0
1133167 0 8748590 0
1133167 0 8748592 0
1133167 0 8804478 0
1133167 0 8839919 0
1133167 0 8839920 1
1133167 0 8839922 0
1114646 0 1316103 2
1114646 0 1316109 2
1114646 0 1544838 2
1114646 0 1884059 2
1114646 0 1913368 1
1114646 0 2201127 2
1114646 0 2647994 3
1114646 0 266552 1
1114646 0 2676807 2
1114646 0 2695353 2
1114646 0 2911035 1
1114646 0 2911039 2
1114646 0 2911450 0
1114646 0 3056368 2
1114646 0 3177805 1
1114646 0 3184850 1
1114646 0 3861594 2
1114646 0 4332918 2
1114646 0 444374 2
1114646 0 444375 1
1114646 0 444377 2
1114646 0 444380 3
1114646 0 444382 1
1114646 0 5041692 2
1114646 0 5279567 2
1114646 0 5417949 2
1114646 0 5417952 2
1114646 0 5417953 2
1114646 0 5417954 2
1114646 0 5417956 2
1114646 0 5569142 2
1114646 0 5640859 2
1114646 0 5687477 2
1114646 0 579554 1
1114646 0 5836029 2
1114646 0 5959593 2
1114646 0 6348309 1
1114646 0 6704400 2
1114646 0 6711103 2
1114646 0 687064 1
1114646 0 7196956 2
1114646 0 771368 2
1114646 0 8117087 1
1114646 0 8117090 3
1114646 0 8117091 3
1114646 0 8117092 1
1114646 0 8117094 1
1114646 0 8117096 2
1114646 0 8327369 1
1114646 0 857788 2
1114646 0 857789 2
1114646 0 8665820 1
855410 0 7128710 0
855410 0 2269747 0
855410 0 7164602 0
855410 0 2531289 0
855410 0 6734483 0
855410 0 7972228 0
855410 0 181258 0
855410 0 6441075 0
146187 0 1944092 0
146187 0 8544933 0
146187 0 6658185 0
146187 0 1254157 0
146187 0 8795494 0
146187 0 3354935 0
146187 0 7019602 0
146187 0 1246346 0
130510 0 8612908 0
130510 0 5731519 0
130510 0 8287352 0
130510 0 5914270 0
130510 0 6862766 0
130510 0 3913778 0
130510 0 7079881 0
130510 0 7098470 0
1110199 0 6548514 0
1110199 0 8478604 0
1110199 0 1063125 1
1110199 0 2218462 0
1110199 0 5846443 0
1110199 0 2655849 0
1110199 0 7675377 0
1110199 0 6392463 1
490595 0 48492 0
490595 0 7698193 2
490595 0 2061700 0
490595 0 7621284 0
490595 0 1845423 1
490595 0 7704029 2
490595 0 1288940 0
490595 0 7072535 0
573724 0 7384331 0
573724 0 6084690 0
573724 0 3644944 0
573724 0 7166496 0
573724 0 7474210 0
573724 0 7392294 0
573724 0 7498096 2
573724 0 7709475 0
87452 0 8594768 0
87452 0 5338945 0
87452 0 1539432 0
87452 0 5746166 0
87452 0 8152227 0
87452 0 4349224 0
87452 0 8664378 0
87452 0 8436577 0
489204 0 139999 0
489204 0 385083 2
489204 0 5695163 0
489204 0 1739317 0
489204 0 6542578 1
489204 0 1950269 0
489204 0 1538587 0
489204 0 4918005 0
156493 0 3732381 0
156493 0 1172283 0
156493 0 6464089 0
156493 0 1171591 0
156493 0 1960253 0
156493 0 4264246 0
156493 0 4623709 0
156493 0 4940231 0
451602 0 949152 0
451602 0 3090672 0
451602 0 3877256 0
451602 0 2785223 0
451602 0 8456061 0
451602 0 7510020 0
451602 0 1640289 0
451602 0 3234481 0
1133167 0 4742235 0
1133167 0 5186167 0
1133167 0 944810 0
1133167 0 2991270 0
1133167 0 2478183 0
1133167 0 7734299 0
1133167 0 7115353 0
1133167 0 8332521 0
1114646 0 1881845 0
1114646 0 5418860 0
1114646 0 3238905 0
1114646 0 6836905 0
1114646 0 4487204 0
1114646 0 2911040 0
1114646 0 2246765 0
1114646 0 3915244 0
168216 0 3906528 1
168216 0 6282566 1
168216 0 8820895 0
168216 0 3730141 1
