1129237 0 128982 3
1129237 0 128984 2
1129237 0 128989 3
1129237 0 1770027 0
1129237 0 2696926 2
1129237 0 2697746 2
1129237 0 2697752 2
1129237 0 302210 0
1129237 0 3683096 2
1129237 0 3905057 2
1129237 0 3905802 3
1129237 0 4233383 0
1129237 0 4254811 3
1129237 0 4254813 1
1129237 0 4254815 3
1129237 0 5619502 2
1129237 0 5627214 1
1129237 0 5831781 2
1129237 0 5906130 3
1129237 0 6080460 2
1129237 0 6343520 1
1129237 0 6343521 1
1129237 0 7050921 0
1129237 0 7911557 2
1129237 0 8588219 1
1129237 0 8682824 2
1129237 0 998748 2
1129237 0 998751 2
1121402 0 182364 0
1121402 0 182365 1
1121402 0 182366 2
1121402 0 182367 3
1121402 0 182368 3
1121402 0 182369 3
1121402 0 182370 0
1121402 0 182371 1
1121402 0 182372 3
1121402 0 182373 0
1121402 0 188209 0
1121402 0 188210 0
1121402 0 188211 0
1121402 0 188213 3
1121402 0 188214 0
1121402 0 188215 0
1121402 0 188216 0
1121402 0 188217 0
1121402 0 188218 0
1121402 0 3511789 2
1121402 0 3785307 1
1121402 0 3785308 2
1121402 0 3785309 1
1121402 0 3785310 0
1121402 0 4449258 0
1121402 0 4449267 0
1121402 0 5189913 3
1121402 0 5576063 0
1121402 0 6001847 1
1121402 0 6392403 1
1121402 0 7125978 0
1121402 0 7125980 3
1121402 0 7125981 3
1121402 0 7125982 0
1121402 0 7125983 2
1121402 0 7125985 0
1121402 0 7125987 2
1121402 0 8052617 2
1121402 0 8052619 2
1121402 0 8052620 2
1121402 0 8052621 2
1121402 0 8052622 1
1121402 0 8052623 2
1121402 0 8052624 2
1121402 0 8089444 2
1121402 0 8235730 2
359349 0 1394085 0
359349 0 1394087 2
359349 0 15799 0
359349 0 15807 0
359349 0 1830512 1
359349 0 1830516 1
359349 0 1830517 3
359349 0 205472 0
359349 0 2293818 0
359349 0 2293820 1
359349 0 2434861 0
359349 0 2826510 3
359349 0 2826511 0
359349 0 2826512 1
359349 0 2826513 0
359349 0 3176544 0
359349 0 3176546 0
359349 0 3193824 3
359349 0 3223831 3
359349 0 3223833 3
359349 0 3900185 3
359349 0 4013723 2
359349 0 4020470 1
359349 0 4020477 2
359349 0 4344098 0
359349 0 4344101 0
359349 0 457673 1
359349 0 4624153 0
359349 0 5345720 0
359349 0 5547389 0
359349 0 5615181 1
359349 0 5615187 0
359349 0 576628 2
359349 0 576629 1
359349 0 5773714 0
359349 0 5806106 0
359349 0 6031049 0
359349 0 6108721 3
359349 0 6834175 0
359349 0 68647 3
359349 0 68648 2
359349 0 68649 1
359349 0 68653 3
359349 0 6873860 0
359349 0 7062669 0
359349 0 7062671 0
359349 0 7579883 0
359349 0 8058867 2
359349 0 8058868 0
359349 0 8058873 2
359349 0 8167111 0
359349 0 8167114 3
359349 0 8456698 2
359349 0 8811558 0
359349 0 943229 3
359349 0 943235 0
527433 0 1000485 1
527433 0 1212778 0
527433 0 1212782 0
527433 0 1212784 1
527433 0 1212786 1
527433 0 1379237 1
527433 0 1379239 1
527433 0 1379240 2
527433 0 1379242 0
527433 0 1379245 2
527433 0 1404580 0
527433 0 1664518 1
527433 0 1664523 2
527433 0 2045580 1
527433 0 2649533 1
527433 0 269430 1
527433 0 288675 0
527433 0 2931562 0
527433 0 3224403 1
527433 0 3224404 1
527433 0 3425595 0
527433 0 3425601 1
527433 0 3425604 0
527433 0 3774355 0
527433 0 3774357 1
527433 0 3774358 0
527433 0 3827084 0
527433 0 3835729 1
527433 0 3835731 1
527433 0 3973284 1
527433 0 3973285 0
527433 0 3973286 0
527433 0 3973287 1
527433 0 3973290 0
527433 0 4064455 1
527433 0 452715 0
527433 0 4952129 0
527433 0 4952135 0
527433 0 5034544 1
527433 0 5034546 1
527433 0 542050 2
527433 0 5466805 1
527433 0 5466807 1
527433 0 5466810 2
527433 0 5603298 1
527433 0 6015376 0
527433 0 6038411 0
527433 0 6065675 0
527433 0 6065678 1
527433 0 6065681 1
527433 0 6186391 0
527433 0 6215001 1
527433 0 6215002 1
527433 0 6398043 1
527433 0 6667277 1
527433 0 6889396 0
527433 0 7105525 0
527433 0 7105531 0
527433 0 7226291 0
527433 0 7357591 1
527433 0 7607669 2
527433 0 7607672 0
527433 0 7787755 0
527433 0 7799466 0
527433 0 7904112 1
527433 0 8306449 1
527433 0 8362259 1
527433 0 8371764 1
527433 0 8615714 0
527433 0 8617271 3
527433 0 8617274 1
527433 0 8737880 0
527433 0 8827928 0
527433 0 890536 0
527433 0 975967 0
87181 0 123547 0
87181 0 1692902 0
87181 0 1700168 2
87181 0 1766470 1
87181 0 1890715 1
87181 0 1902826 0
87181 0 1961300 0
87181 0 2307974 2
87181 0 2528294 2
87181 0 2530227 3
87181 0 2530252 2
87181 0 2556144 1
87181 0 2556150 0
87181 0 2556151 1
87181 0 2596279 1
87181 0 2611818 1
87181 0 2713030 1
87181 0 2763490 0
87181 0 2842948 1
87181 0 2986227 2
87181 0 3354162 0
87181 0 3445699 1
87181 0 4639455 1
87181 0 4689523 3
87181 0 4689524 1
87181 0 4689525 2
87181 0 47207 2
87181 0 47208 1
87181 0 47211 1
87181 0 47212 1
87181 0 4786305 2
87181 0 5103077 0
87181 0 5103083 2
87181 0 5197135 1
87181 0 5469038 2
87181 0 5497677 2
87181 0 5676026 1
87181 0 5753301 2
87181 0 6484575 3
87181 0 6484576 3
87181 0 6484578 1
87181 0 6521360 1
87181 0 6521366 3
87181 0 6685092 3
87181 0 6774305 1
87181 0 6885718 2
87181 0 7057928 2
87181 0 7112964 0
87181 0 7112968 0
87181 0 7139898 0
87181 0 7203296 1
87181 0 742425 2
87181 0 7526679 2
87181 0 753721 2
87181 0 7586365 0
87181 0 7666828 0
87181 0 7666831 0
87181 0 8144448 1
87181 0 8151919 0
87181 0 8151921 1
87181 0 8151922 0
87181 0 8151926 2
87181 0 8165401 3
87181 0 8165404 1
87181 0 8183982 0
87181 0 8332546 3
87181 0 8332547 3
87181 0 8332551 1
87181 0 8332555 3
87181 0 8476330 0
87181 0 8522403 2
87181 0 8534130 3
87181 0 8534134 3
87181 0 8534135 2
87181 0 8534136 1
87181 0 8565420 2
87181 0 8614360 0
87181 0 8664069 1
87181 0 8683178 1
87181 0 8683181 1
87181 0 8683183 2
87181 0 8683185 3
87181 0 8738510 2
148538 0 1299824 1
148538 0 1299830 2
148538 0 1311202 2
148538 0 1311204 1
148538 0 1311209 1
148538 0 1314489 3
148538 0 1384441 2
148538 0 1384442 2
148538 0 1384446 1
148538 0 1384447 3
148538 0 1384448 3
148538 0 1392973 2
148538 0 1392974 0
148538 0 1495660 1
148538 0 153920 2
148538 0 1559002 2
148538 0 1573498 2
148538 0 1736918 1
148538 0 1807279 0
148538 0 1816663 0
148538 0 1828165 1
148538 0 1828170 2
148538 0 1950974 1
148538 0 1950975 1
148538 0 1950976 1
148538 0 1950977 1
148538 0 1950980 1
148538 0 1969518 1
148538 0 1969519 2
148538 0 1985491 3
148538 0 1985494 3
148538 0 231452 2
148538 0 231453 3
148538 0 231455 3
148538 0 245019 1
148538 0 2455774 3
148538 0 2455776 2
148538 0 2643562 3
148538 0 2713526 0
148538 0 2915322 2
148538 0 2915323 2
148538 0 2915327 2
148538 0 3165111 3
148538 0 3310962 2
148538 0 332400 2
148538 0 332401 2
148538 0 3701822 2
148538 0 3918785 2
148538 0 3918787 3
148538 0 3989976 1
148538 0 4185812 2
148538 0 4185814 2
148538 0 4264121 1
148538 0 4264127 2
148538 0 4264128 2
148538 0 4271667 1
148538 0 4282153 1
148538 0 4447598 3
148538 0 4447601 3
148538 0 4634425 3
148538 0 4902096 1
148538 0 4976411 2
148538 0 5010072 1
148538 0 5020788 3
148538 0 5077705 1
148538 0 512199 1
148538 0 5171603 2
148538 0 5601322 1
148538 0 5679983 3
148538 0 581145 2
148538 0 5843047 1
148538 0 615407 3
148538 0 6434592 1
148538 0 6485504 1
148538 0 6536612 1
148538 0 6697437 1
148538 0 6704661 1
148538 0 6889357 1
148538 0 6894608 3
148538 0 7407803 3
148538 0 7407811 2
148538 0 7407812 3
148538 0 7496116 2
148538 0 7529434 1
148538 0 753805 2
148538 0 7599536 2
148538 0 7696389 2
148538 0 791676 1
148538 0 811946 2
148538 0 8139872 3
148538 0 8283528 3
148538 0 8283530 1
148538 0 8283531 3
148538 0 8283532 3
148538 0 8730434 2
148538 0 8835172 2
148538 0 958231 1
148538 0 985490 3
148538 0 985492 1
148538 0 985493 0
148538 0 985494 3
1124210 0 1244877 1
1124210 0 131190 1
1124210 0 1689639 1
1124210 0 181175 1
1124210 0 181177 1
1124210 0 2070515 2
1124210 0 2089537 2
1124210 0 2089544 1
1124210 0 2258591 2
1124210 0 2258592 3
1124210 0 2258593 3
1124210 0 2258594 3
1124210 0 2258595 1
1124210 0 2258596 1
1124210 0 2258597 2
1124210 0 2258598 2
1124210 0 2258599 2
1124210 0 2399822 1
1124210 0 2433601 3
1124210 0 2433603 3
1124210 0 2433604 3
1124210 0 2433609 3
1124210 0 2451197 0
1124210 0 2461683 2
1124210 0 2494574 2
1124210 0 2494577 2
1124210 0 2604564 2
1124210 0 2608221 1
1124210 0 2650269 2
1124210 0 2685123 2
1124210 0 2728445 2
1124210 0 2728447 3
1124210 0 2728448 3
1124210 0 2728449 3
1124210 0 2753148 3
1124210 0 2806527 2
1124210 0 2825130 1
1124210 0 284020 1
1124210 0 2859501 2
1124210 0 2958020 2
1124210 0 3162331 2
1124210 0 3225189 2
1124210 0 3225197 2
1124210 0 3228226 3
1124210 0 3242758 2
1124210 0 3242763 2
1124210 0 3263727 2
1124210 0 3263731 2
1124210 0 3289568 3
1124210 0 3466956 3
1124210 0 3466959 3
1124210 0 347571 1
1124210 0 3517427 1
1124210 0 3587908 3
1124210 0 4002454 2
1124210 0 4002456 3
1124210 0 4090499 3
1124210 0 4174699 2
1124210 0 4303129 2
1124210 0 4535489 2
1124210 0 4616435 1
1124210 0 4618354 2
1124210 0 4648414 3
1124210 0 4648416 2
1124210 0 4648417 3
1124210 0 4777681 2
1124210 0 4942992 2
1124210 0 5032711 3
1124210 0 5098936 3
1124210 0 5098941 2
1124210 0 522219 0
1124210 0 522220 0
1124210 0 5587709 2
1124210 0 5587710 2
1124210 0 5587711 2
1124210 0 5664148 2
1124210 0 5941717 3
1124210 0 6146809 3
1124210 0 6181091 2
1124210 0 6233255 3
1124210 0 6255796 2
1124210 0 6472110 1
1124210 0 6498977 2
1124210 0 6507991 2
1124210 0 6507996 2
1124210 0 6541864 3
1124210 0 6541866 2
1124210 0 6541868 2
1124210 0 6620551 1
1124210 0 6636931 2
1124210 0 6636936 2
1124210 0 6720368 2
1124210 0 6737727 2
1124210 0 6737728 3
1124210 0 6737729 2
1124210 0 6737733 2
1124210 0 6891517 1
1124210 0 6891518 1
1124210 0 7146473 1
1124210 0 7146478 2
1124210 0 7203360 3
1124210 0 7203367 2
1124210 0 7224093 2
1124210 0 7224102 3
1124210 0 7228448 2
1124210 0 7443583 2
1124210 0 7443585 3
1124210 0 7443586 3
1124210 0 7443588 3
1124210 0 7695217 3
1124210 0 7806221 3
1124210 0 7806222 3
1124210 0 7942804 2
1124210 0 7942807 3
1124210 0 7942808 2
1124210 0 8026735 3
1124210 0 8026737 3
1124210 0 8026738 1
1124210 0 8026740 2
1124210 0 8026743 3
1124210 0 8087696 1
1124210 0 8087702 3
1124210 0 8355477 2
1124210 0 8355478 3
1124210 0 8355479 3
1124210 0 8355483 3
1124210 0 8406413 1
1124210 0 8492302 2
1124210 0 8492305 2
1124210 0 8547690 3
1124210 0 8558068 3
1124210 0 8650639 2
1124210 0 8650642 2
1124210 0 8802909 3
1124210 0 8828525 2
1124210 0 92049 2
1124210 0 931162 1
1124210 0 931165 3
1124210 0 943794 1
264014 0 1240266 1
264014 0 1444286 2
264014 0 1610706 2
264014 0 1610707 2
264014 0 1610709 1
264014 0 1610710 1
264014 0 1610711 1
264014 0 1610714 1
264014 0 1611215 1
264014 0 1611221 1
264014 0 1702969 2
264014 0 1702972 1
264014 0 1804644 2
264014 0 2089031 1
264014 0 2164136 1
264014 0 2223171 3
264014 0 2420367 2
264014 0 2472895 0
264014 0 2474340 2
264014 0 2474341 1
264014 0 2474342 2
264014 0 2474346 3
264014 0 2498165 1
264014 0 2498169 2
264014 0 2572557 1
264014 0 2616296 1
264014 0 2689662 3
264014 0 2810700 1
264014 0 331928 1
264014 0 331929 2
264014 0 331931 2
264014 0 331932 2
264014 0 331934 2
264014 0 331936 2
264014 0 3338821 2
264014 0 3338822 2
264014 0 3338825 3
264014 0 3338826 2
264014 0 3338827 3
264014 0 3338828 3
264014 0 3362112 1
264014 0 3372501 3
264014 0 3389744 2
264014 0 3396076 3
264014 0 3577338 2
264014 0 3577340 2
264014 0 3577341 2
264014 0 3577342 2
264014 0 3577343 2
264014 0 3577344 2
264014 0 3577345 2
264014 0 3577347 2
264014 0 3601328 1
264014 0 3601329 1
264014 0 3601331 1
264014 0 3601332 1
264014 0 3601333 1
264014 0 3601334 1
264014 0 3601337 1
264014 0 3666583 1
264014 0 3666584 1
264014 0 3683674 1
264014 0 3720137 1
264014 0 3835935 2
264014 0 3841908 2
264014 0 3841909 1
264014 0 3841910 1
264014 0 4016008 1
264014 0 4016011 1
264014 0 4016017 1
264014 0 4043723 1
264014 0 4126497 0
264014 0 4239608 1
264014 0 4239612 1
264014 0 4259227 3
264014 0 4367667 2
264014 0 447992 2
264014 0 4539746 1
264014 0 4641917 1
264014 0 4647186 1
264014 0 4687213 3
264014 0 4710717 1
264014 0 4825862 1
264014 0 4825863 1
264014 0 4834543 2
264014 0 4834544 2
264014 0 4834546 1
264014 0 4834547 3
264014 0 4834548 1
264014 0 5151339 1
264014 0 5269173 1
264014 0 528372 2
264014 0 528373 1
264014 0 528375 1
264014 0 528376 1
264014 0 528377 1
264014 0 528378 1
264014 0 528379 1
264014 0 528380 1
264014 0 528381 2
264014 0 5324946 0
264014 0 5324948 0
264014 0 5328095 3
264014 0 552765 2
264014 0 5583424 2
264014 0 5583426 1
264014 0 5611210 2
264014 0 5611211 2
264014 0 5611212 2
264014 0 5611213 2
264014 0 5611214 2
264014 0 5611215 1
264014 0 5611216 2
264014 0 5611217 2
264014 0 5611218 2
264014 0 5611219 2
264014 0 5635514 1
264014 0 5635515 1
264014 0 5635516 1
264014 0 5635517 1
264014 0 5635518 1
264014 0 5635519 2
264014 0 5635520 1
264014 0 5635521 2
264014 0 5635522 2
264014 0 5635523 2
264014 0 5672391 2
264014 0 5688727 2
264014 0 5688730 2
264014 0 5780490 1
264014 0 5780498 2
264014 0 5819142 2
264014 0 58384 1
264014 0 58385 1
264014 0 58386 2
264014 0 58387 2
264014 0 5849267 2
264014 0 5849268 2
264014 0 5849270 2
264014 0 5849271 2
264014 0 5849272 2
264014 0 5849274 1
264014 0 5849711 1
264014 0 5950718 2
264014 0 5950719 3
264014 0 5950720 1
264014 0 5950721 3
264014 0 5950722 3
264014 0 5950723 2
264014 0 5950724 1
264014 0 5950726 3
264014 0 6105566 2
264014 0 6105567 1
264014 0 6105568 2
264014 0 6105569 3
264014 0 6105571 2
264014 0 6105572 3
264014 0 6198294 1
264014 0 6198295 1
264014 0 6333839 1
264014 0 6333841 1
264014 0 6334964 1
264014 0 6413944 1
264014 0 6413950 0
264014 0 6413951 1
264014 0 6501719 1
264014 0 6555321 2
264014 0 6555322 2
264014 0 6641238 3
264014 0 6641241 2
264014 0 6773914 0
264014 0 6773920 0
264014 0 6791755 1
264014 0 6791757 1
264014 0 6791760 3
264014 0 684616 3
264014 0 684618 2
264014 0 684621 2
264014 0 684622 1
264014 0 7323462 1
264014 0 7323463 1
264014 0 7323466 1
264014 0 7323467 2
264014 0 7323468 2
264014 0 7323470 1
264014 0 7323471 2
264014 0 7326932 2
264014 0 7326933 1
264014 0 7326934 2
264014 0 7326936 2
264014 0 7809272 1
264014 0 8012101 3
264014 0 8012103 1
264014 0 8332127 1
264014 0 8502491 1
264014 0 8555145 1
264014 0 8608903 0
264014 0 8608908 0
264014 0 8760488 1
264014 0 8801656 1
264014 0 8801661 2
264014 0 935825 2
264014 0 96851 2
264014 0 96852 2
264014 0 96853 1
264014 0 96854 1
264014 0 96855 3
264014 0 96856 2
264014 0 96857 2
264014 0 96858 3
264014 0 96859 1
168216 0 1090088 1
168216 0 1090089 2
168216 0 1183703 3
168216 0 1183706 2
168216 0 119130 0
168216 0 1274194 2
168216 0 1301465 3
168216 0 1301466 2
168216 0 1301467 3
168216 0 1301468 2
168216 0 1301469 3
168216 0 1301470 2
168216 0 1301471 2
168216 0 1301472 3
168216 0 1301473 3
168216 0 1301474 3
168216 0 13499 2
168216 0 1381477 3
168216 0 141221 0
168216 0 1677027 2
168216 0 1735358 2
168216 0 1735360 2
168216 0 1832002 0
168216 0 1860841 1
168216 0 1860843 3
168216 0 1860844 1
168216 0 1860848 0
168216 0 1924796 2
168216 0 1924800 2
168216 0 1974321 0
168216 0 1982106 0
168216 0 2036279 3
168216 0 2036283 2
168216 0 2069988 2
168216 0 2069992 2
168216 0 2069995 2
168216 0 2210772 1
168216 0 2210773 1
168216 0 2210774 2
168216 0 2210775 3
168216 0 2210778 2
168216 0 2210780 3
168216 0 2265769 2
168216 0 2265772 1
168216 0 2444467 0
168216 0 2611845 0
168216 0 2659074 2
168216 0 2735305 1
168216 0 2774854 0
168216 0 2774855 0
168216 0 2774860 0
168216 0 2774862 0
168216 0 2790904 2
168216 0 2806307 3
168216 0 290826 2
168216 0 3004214 1
168216 0 3033359 2
168216 0 3034378 2
168216 0 3096688 0
168216 0 3174840 2
168216 0 3198680 2
168216 0 3198681 3
168216 0 3198682 2
168216 0 3198683 2
168216 0 3198684 2
168216 0 3198685 2
168216 0 3198686 3
168216 0 3198687 3
168216 0 3198689 3
168216 0 3342536 1
168216 0 3344828 2
168216 0 3344830 0
168216 0 3344832 0
168216 0 3344833 1
168216 0 3344834 2
168216 0 3344835 0
168216 0 3344837 2
168216 0 3399712 2
168216 0 3399713 3
168216 0 3399714 2
168216 0 3399715 2
168216 0 3399716 2
168216 0 3399717 2
168216 0 3399718 2
168216 0 3399719 2
168216 0 3399720 2
168216 0 3401389 1
168216 0 3415208 0
168216 0 3463552 1
168216 0 3463555 2
168216 0 3463556 3
168216 0 3507767 0
168216 0 3556745 1
168216 0 3670943 0
168216 0 3670949 0
168216 0 3681093 1
168216 0 3681094 2
168216 0 3681095 3
168216 0 3681096 1
168216 0 3681097 2
168216 0 3681098 1
168216 0 3681099 3
168216 0 3681100 2
168216 0 3790896 0
168216 0 3830857 3
168216 0 3908773 3
168216 0 3908774 3
168216 0 3908775 3
168216 0 3908776 3
168216 0 3908777 3
168216 0 3908778 2
168216 0 3908779 2
168216 0 3908780 2
168216 0 3908781 2
168216 0 4119829 2
168216 0 4160802 0
168216 0 4191388 1
168216 0 4191389 1
168216 0 4191391 2
168216 0 4191395 3
168216 0 4191396 3
168216 0 4215276 0
168216 0 4243074 2
168216 0 4245217 2
168216 0 4245218 3
168216 0 4245219 2
168216 0 4324487 2
168216 0 4324491 3
168216 0 4324492 3
168216 0 4324493 2
168216 0 4329739 1
168216 0 4493882 3
168216 0 4498419 2
168216 0 4498423 1
168216 0 4600607 3
168216 0 4600608 3
168216 0 4600609 3
168216 0 4600610 3
168216 0 4656291 2
168216 0 4656297 1
168216 0 4741403 2
168216 0 4741406 2
168216 0 4792582 2
168216 0 4792583 2
168216 0 4918399 2
168216 0 4938900 0
168216 0 5004346 3
168216 0 5024306 2
168216 0 5024307 2
168216 0 5024309 0
168216 0 5024311 3
168216 0 5024313 2
168216 0 504720 1
168216 0 504725 0
168216 0 5050210 0
168216 0 5114458 2
168216 0 527409 2
168216 0 5293614 2
168216 0 5298477 2
168216 0 5298481 1
168216 0 5298483 0
168216 0 5298484 1
168216 0 5314644 1
168216 0 5346757 1
168216 0 5370224 0
168216 0 5657932 1
168216 0 5690224 0
168216 0 5771045 2
168216 0 5880511 0
168216 0 5935473 1
168216 0 5935474 3
168216 0 5935476 3
168216 0 5935477 1
168216 0 5935479 1
168216 0 6012597 2
168216 0 6012598 2
168216 0 6012600 3
168216 0 6061717 2
168216 0 6061718 3
168216 0 6061719 2
168216 0 6061720 2
168216 0 6061721 2
168216 0 6061722 3
168216 0 6061723 2
168216 0 6061724 2
168216 0 6061725 2
168216 0 6061726 2
168216 0 6172551 1
168216 0 6213322 3
168216 0 6213323 3
168216 0 6213324 2
168216 0 6213325 3
168216 0 6213326 1
168216 0 6214542 1
168216 0 6219117 3
168216 0 6219118 3
168216 0 6219119 0
168216 0 6219121 2
168216 0 6219122 2
168216 0 6249512 2
168216 0 6264729 3
168216 0 6264730 2
168216 0 6264731 3
168216 0 6264732 3
168216 0 6264733 2
168216 0 6264734 2
168216 0 6264735 3
168216 0 6282560 1
168216 0 6282561 3
168216 0 6282562 3
168216 0 6282564 1
168216 0 6282567 2
168216 0 6329932 2
168216 0 6426630 3
168216 0 6426631 3
168216 0 6426632 3
168216 0 6426633 3
168216 0 6426634 3
168216 0 6426635 2
168216 0 6426636 2
168216 0 6426637 3
168216 0 6426638 3
168216 0 6457806 0
168216 0 6548726 1
168216 0 6584042 1
168216 0 661750 2
168216 0 661757 2
168216 0 6643451 1
168216 0 6786380 0
168216 0 6817965 0
168216 0 689769 0
168216 0 6989580 0
168216 0 6996835 0
168216 0 7049039 2
168216 0 731200 2
168216 0 7337513 3
168216 0 7337518 3
168216 0 7337519 2
168216 0 7492748 2
168216 0 7492752 2
168216 0 7492753 2
168216 0 7492754 2
168216 0 7492755 3
168216 0 7492756 1
168216 0 7595680 1
168216 0 7595682 2
168216 0 7595684 3
168216 0 7745780 0
168216 0 8048968 2
168216 0 8048969 0
168216 0 8048973 0
168216 0 8141128 2
168216 0 8185129 2
168216 0 8185131 3
168216 0 8185134 2
168216 0 8185135 3
168216 0 8185137 3
168216 0 8252757 1
168216 0 8252758 0
168216 0 8252759 0
168216 0 8252761 0
168216 0 8252762 0
168216 0 8252763 2
168216 0 8252764 2
168216 0 8319214 0
168216 0 8319215 1
168216 0 8319216 2
168216 0 8319218 3
168216 0 8320715 2
168216 0 8400578 0
168216 0 851276 0
168216 0 856274 3
168216 0 8627333 0
168216 0 8639627 2
168216 0 8639630 2
168216 0 8639633 3
168216 0 8723467 3
168216 0 8731617 2
168216 0 8731618 1
168216 0 8731620 1
168216 0 8731621 3
168216 0 8731622 2
168216 0 8731623 3
168216 0 8731624 2
168216 0 8731625 1
168216 0 8743646 2
168216 0 8766386 1
168216 0 8766387 2
168216 0 8766391 1
1129237 0 4779185 0
1129237 0 8596871 0
1129237 0 3281185 0
1129237 0 3905806 0
1129237 0 1768895 0
1129237 0 6172874 0
1129237 0 350 0
1129237 0 305088 0
1129237 0 1849519 0
1129237 0 8415462 0
1129237 0 43857 0
1121402 0 1917417 1
1121402 0 7144704 0
1121402 0 7142994 2
1121402 0 5993274 0
1121402 0 3040510 0
1121402 0 177812 0
1121402 0 6951218 1
1121402 0 8747693 0
1121402 0 5431399 0
1121402 0 752294 0
1121402 0 2633464 2
359349 0 5854311 0
359349 0 4474871 0
359349 0 6751857 0
359349 0 4463574 0
359349 0 8398223 0
359349 0 4020474 0
359349 0 6113314 0
359349 0 576635 0
359349 0 8502520 1
359349 0 4344100 0
359349 0 8058869 0
527433 0 729489 0
527433 0 3835736 1
527433 0 5690943 0
527433 0 1993699 0
527433 0 2931559 1
527433 0 8633563 0
527433 0 6038398 1
527433 0 7252840 0
527433 0 3256671 1
527433 0 5501454 1
527433 0 1379238 1
87181 0 2556149 0
87181 0 1408695 0
87181 0 7697583 0
87181 0 295626 1
87181 0 229627 0
87181 0 5197133 0
87181 0 7255362 0
87181 0 5876723 0
87181 0 47210 0
87181 0 652422 1
87181 0 104095 1
148538 0 5828353 1
148538 0 217594 0
148538 0 4539657 1
148538 0 1311206 2
148538 0 2368186 2
148538 0 2951883 1
148538 0 4264129 1
148538 0 7507613 0
148538 0 6293679 0
148538 0 6303284 0
148538 0 2061702 0
1124210 0 6411944 0
1124210 0 7443581 0
1124210 0 3748166 0
1124210 0 8547691 0
1124210 0 2305430 0
1124210 0 131186 0
1124210 0 2650271 0
1124210 0 6928390 0
1124210 0 5430227 0
1124210 0 3162334 0
1124210 0 7715335 0
264014 0 6198286 1
264014 0 3499341 0
264014 0 3763995 0
264014 0 814520 0
264014 0 2337592 0
264014 0 8449002 0
264014 0 1546910 0
264014 0 6126984 0
264014 0 4993096 0
264014 0 1181075 0
264014 0 2090881 0
168216 0 6282565 1
168216 0 7642190 0
168216 0 2036284 1
168216 0 3463549 0
168216 0 7337064 0
168216 0 4461561 0
168216 0 6169326 0
168216 0 1389835 0
168216 0 8048970 0
168216 0 6231569 1
168216 0 6219120 0
168216 0 6223988 0
