1129237 0 128982 3
1129237 0 128984 2
1129237 0 128989 1
1129237 0 1770027 0
1129237 0 2696926 2
1129237 0 2697746 1
1129237 0 2697752 1
1129237 0 302210 0
1129237 0 3683096 1
1129237 0 3905057 2
1129237 0 3905802 2
1129237 0 4233383 0
1129237 0 4254811 1
1129237 0 4254813 0
1129237 0 4254815 1
1129237 0 5619502 2
1129237 0 5627214 0
1129237 0 5831781 2
1129237 0 5906130 2
1129237 0 6080460 2
1129237 0 6343520 0
1129237 0 6343521 0
1129237 0 7050921 0
1129237 0 7911557 1
1129237 0 8588219 0
1129237 0 8682824 2
1129237 0 998748 2
1129237 0 998751 2
1121402 0 182364 0
1121402 0 182365 0
1121402 0 182366 0
1121402 0 182367 2
1121402 0 182368 2
1121402 0 182369 2
1121402 0 182370 0
1121402 0 182371 0
1121402 0 182372 2
1121402 0 182373 0
1121402 0 188209 0
1121402 0 188210 0
1121402 0 188211 0
1121402 0 188213 2
1121402 0 188214 0
1121402 0 188215 0
1121402 0 188216 0
1121402 0 188217 0
1121402 0 188218 0
1121402 0 3511789 1
1121402 0 3785307 0
1121402 0 3785308 2
1121402 0 3785309 0
1121402 0 3785310 0
1121402 0 4449258 0
1121402 0 4449267 1
1121402 0 5189913 2
1121402 0 5576063 0
1121402 0 6001847 0
1121402 0 6392403 0
1121402 0 7125978 0
1121402 0 7125980 1
1121402 0 7125981 2
1121402 0 7125982 0
1121402 0 7125983 2
1121402 0 7125985 0
1121402 0 7125987 2
1121402 0 8052617 2
1121402 0 8052619 1
1121402 0 8052620 2
1121402 0 8052621 2
1121402 0 8052622 0
1121402 0 8052623 2
1121402 0 8052624 2
1121402 0 8089444 0
1121402 0 8235730 1
359349 0 1394085 0
359349 0 1394087 0
359349 0 15799 0
359349 0 15807 0
359349 0 1830512 0
359349 0 1830516 0
359349 0 1830517 3
359349 0 205472 0
359349 0 2293818 0
359349 0 2293820 1
359349 0 2434861 0
359349 0 2826510 3
359349 0 2826511 0
359349 0 2826512 0
359349 0 2826513 0
359349 0 3176544 0
359349 0 3176546 0
359349 0 3193824 3
359349 0 3223831 2
359349 0 3223833 2
359349 0 3900185 2
359349 0 4013723 2
359349 0 4020470 0
359349 0 4020477 2
359349 0 4344098 0
359349 0 4344101 0
359349 0 457673 2
359349 0 4624153 0
359349 0 5345720 0
359349 0 5547389 0
359349 0 5615181 1
359349 0 5615187 0
359349 0 576628 2
359349 0 576629 1
359349 0 5773714 0
359349 0 5806106 0
359349 0 6031049 0
359349 0 6108721 2
359349 0 6834175 0
359349 0 68647 2
359349 0 68648 2
359349 0 68649 0
359349 0 68653 2
359349 0 6873860 0
359349 0 7062669 0
359349 0 7062671 2
359349 0 7579883 2
359349 0 8058867 0
359349 0 8058868 0
359349 0 8058873 2
359349 0 8167111 0
359349 0 8167114 1
359349 0 8456698 0
359349 0 8811558 0
359349 0 943229 2
359349 0 943235 0
527433 0 1000485 0
527433 0 1212778 0
527433 0 1212782 0
527433 0 1212784 0
527433 0 1212786 0
527433 0 1379237 0
527433 0 1379239 0
527433 0 1379240 0
527433 0 1379242 0
527433 0 1379245 0
527433 0 1404580 0
527433 0 1664518 0
527433 0 1664523 0
527433 0 2045580 0
527433 0 2649533 0
527433 0 269430 0
527433 0 288675 0
527433 0 2931562 0
527433 0 3224403 0
527433 0 3224404 0
527433 0 3425595 0
527433 0 3425601 0
527433 0 3425604 0
527433 0 3774355 0
527433 0 3774357 0
527433 0 3774358 0
527433 0 3827084 0
527433 0 3835729 0
527433 0 3835731 0
527433 0 3973284 0
527433 0 3973285 0
527433 0 3973286 0
527433 0 3973287 0
527433 0 3973290 0
527433 0 4064455 0
527433 0 452715 0
527433 0 4952129 0
527433 0 4952135 0
527433 0 5034544 0
527433 0 5034546 0
527433 0 542050 0
527433 0 5466805 0
527433 0 5466807 0
527433 0 5466810 0
527433 0 5603298 0
527433 0 6015376 0
527433 0 6038411 0
527433 0 6065675 0
527433 0 6065678 0
527433 0 6065681 0
527433 0 6186391 0
527433 0 6215001 0
527433 0 6215002 0
527433 0 6398043 0
527433 0 6667277 0
527433 0 6889396 0
527433 0 7105525 0
527433 0 7105531 0
527433 0 7226291 0
527433 0 7357591 0
527433 0 7607669 0
527433 0 7607672 0
527433 0 7787755 0
527433 0 7799466 1
527433 0 7904112 0
527433 0 8306449 0
527433 0 8362259 0
527433 0 8371764 0
527433 0 8615714 0
527433 0 8617271 2
527433 0 8617274 0
527433 0 8737880 0
527433 0 8827928 0
527433 0 890536 0
527433 0 975967 0
87181 0 123547 0
87181 0 1692902 0
87181 0 1700168 1
87181 0 1766470 0
87181 0 1890715 0
87181 0 1902826 0
87181 0 1961300 0
87181 0 2307974 1
87181 0 2528294 1
87181 0 2530227 1
87181 0 2530252 0
87181 0 2556144 0
87181 0 2556150 0
87181 0 2556151 1
87181 0 2596279 0
87181 0 2611818 0
87181 0 2713030 0
87181 0 2763490 0
87181 0 2842948 0
87181 0 2986227 2
87181 0 3354162 0
87181 0 3445699 0
87181 0 4639455 1
87181 0 4689523 3
87181 0 4689524 0
87181 0 4689525 1
87181 0 47207 0
87181 0 47208 0
87181 0 47211 0
87181 0 47212 0
87181 0 4786305 0
87181 0 5103077 0
87181 0 5103083 0
87181 0 5197135 0
87181 0 5469038 0
87181 0 5497677 0
87181 0 5676026 0
87181 0 5753301 1
87181 0 6484575 3
87181 0 6484576 2
87181 0 6484578 0
87181 0 6521360 0
87181 0 6521366 1
87181 0 6685092 1
87181 0 6774305 1
87181 0 6885718 0
87181 0 7057928 0
87181 0 7112964 0
87181 0 7112968 0
87181 0 7139898 0
87181 0 7203296 0
87181 0 742425 1
87181 0 7526679 0
87181 0 753721 1
87181 0 7586365 1
87181 0 7666828 0
87181 0 7666831 0
87181 0 8144448 0
87181 0 8151919 0
87181 0 8151921 1
87181 0 8151922 0
87181 0 8151926 1
87181 0 8165401 1
87181 0 8165404 0
87181 0 8183982 0
87181 0 8332546 1
87181 0 8332547 1
87181 0 8332551 0
87181 0 8332555 0
87181 0 8476330 0
87181 0 8522403 0
87181 0 8534130 2
87181 0 8534134 3
87181 0 8534135 0
87181 0 8534136 0
87181 0 8565420 1
87181 0 8614360 0
87181 0 8664069 0
87181 0 8683178 0
87181 0 8683181 0
87181 0 8683183 0
87181 0 8683185 1
87181 0 8738510 0
148538 0 1299824 1
148538 0 1299830 0
148538 0 1311202 1
148538 0 1311204 0
148538 0 1311209 0
148538 0 1314489 0
148538 0 1384441 0
148538 0 1384442 0
148538 0 1384446 0
148538 0 1384447 0
148538 0 1384448 0
148538 0 1392973 1
148538 0 1392974 1
148538 0 1495660 1
148538 0 153920 1
148538 0 1559002 0
148538 0 1573498 0
148538 0 1736918 0
148538 0 1807279 0
148538 0 1816663 0
148538 0 1828165 0
148538 0 1828170 1
148538 0 1950974 1
148538 0 1950975 1
148538 0 1950976 1
148538 0 1950977 1
148538 0 1950980 1
148538 0 1969518 0
148538 0 1969519 0
148538 0 1985491 0
148538 0 1985494 0
148538 0 231452 0
148538 0 231453 0
148538 0 231455 0
148538 0 245019 0
148538 0 2455774 0
148538 0 2455776 1
148538 0 2643562 1
148538 0 2713526 0
148538 0 2915322 0
148538 0 2915323 0
148538 0 2915327 0
148538 0 3165111 0
148538 0 3310962 0
148538 0 332400 0
148538 0 332401 0
148538 0 3701822 1
148538 0 3918785 1
148538 0 3918787 1
148538 0 3989976 0
148538 0 4185812 0
148538 0 4185814 0
148538 0 4264121 0
148538 0 4264127 0
148538 0 4264128 1
148538 0 4271667 1
148538 0 4282153 0
148538 0 4447598 0
148538 0 4447601 0
148538 0 4634425 0
148538 0 4902096 0
148538 0 4976411 0
148538 0 5010072 0
148538 0 5020788 0
148538 0 5077705 2
148538 0 512199 1
148538 0 5171603 0
148538 0 5601322 0
148538 0 5679983 0
148538 0 581145 0
148538 0 5843047 0
148538 0 615407 0
148538 0 6434592 0
148538 0 6485504 1
148538 0 6536612 0
148538 0 6697437 0
148538 0 6704661 1
148538 0 6889357 0
148538 0 6894608 0
148538 0 7407803 0
148538 0 7407811 0
148538 0 7407812 0
148538 0 7496116 0
148538 0 7529434 0
148538 0 753805 1
148538 0 7599536 0
148538 0 7696389 0
148538 0 791676 0
148538 0 811946 0
148538 0 8139872 0
148538 0 8283528 0
148538 0 8283530 1
148538 0 8283531 0
148538 0 8283532 0
148538 0 8730434 0
148538 0 8835172 0
148538 0 958231 1
148538 0 985490 0
148538 0 985492 1
148538 0 985493 0
148538 0 985494 0
1124210 0 1244877 0
1124210 0 131190 0
1124210 0 1689639 1
1124210 0 181175 0
1124210 0 181177 1
1124210 0 2070515 2
1124210 0 2089537 1
1124210 0 2089544 0
1124210 0 2258591 2
1124210 0 2258592 2
1124210 0 2258593 1
1124210 0 2258594 1
1124210 0 2258595 1
1124210 0 2258596 1
1124210 0 2258597 2
1124210 0 2258598 1
1124210 0 2258599 1
1124210 0 2399822 1
1124210 0 2433601 2
1124210 0 2433603 2
1124210 0 2433604 2
1124210 0 2433609 2
1124210 0 2451197 0
1124210 0 2461683 2
1124210 0 2494574 2
1124210 0 2494577 1
1124210 0 2604564 1
1124210 0 2608221 0
1124210 0 2650269 1
1124210 0 2685123 1
1124210 0 2728445 0
1124210 0 2728447 0
1124210 0 2728448 2
1124210 0 2728449 0
1124210 0 2753148 1
1124210 0 2806527 0
1124210 0 2825130 1
1124210 0 284020 0
1124210 0 2859501 0
1124210 0 2958020 1
1124210 0 3162331 1
1124210 0 3225189 1
1124210 0 3225197 1
1124210 0 3228226 2
1124210 0 3242758 2
1124210 0 3242763 1
1124210 0 3263727 1
1124210 0 3263731 1
1124210 0 3289568 1
1124210 0 3466956 1
1124210 0 3466959 1
1124210 0 347571 1
1124210 0 3517427 1
1124210 0 3587908 0
1124210 0 4002454 2
1124210 0 4002456 0
1124210 0 4090499 2
1124210 0 4174699 0
1124210 0 4303129 1
1124210 0 4535489 0
1124210 0 4616435 0
1124210 0 4618354 1
1124210 0 4648414 2
1124210 0 4648416 0
1124210 0 4648417 2
1124210 0 4777681 2
1124210 0 4942992 1
1124210 0 5032711 1
1124210 0 5098936 2
1124210 0 5098941 1
1124210 0 522219 0
1124210 0 522220 0
1124210 0 5587709 2
1124210 0 5587710 2
1124210 0 5587711 2
1124210 0 5664148 1
1124210 0 5941717 2
1124210 0 6146809 2
1124210 0 6181091 2
1124210 0 6233255 2
1124210 0 6255796 2
1124210 0 6472110 0
1124210 0 6498977 1
1124210 0 6507991 1
1124210 0 6507996 0
1124210 0 6541864 1
1124210 0 6541866 1
1124210 0 6541868 1
1124210 0 6620551 0
1124210 0 6636931 1
1124210 0 6636936 1
1124210 0 6720368 1
1124210 0 6737727 1
1124210 0 6737728 2
1124210 0 6737729 2
1124210 0 6737733 2
1124210 0 6891517 0
1124210 0 6891518 0
1124210 0 7146473 0
1124210 0 7146478 1
1124210 0 7203360 2
1124210 0 7203367 0
1124210 0 7224093 1
1124210 0 7224102 2
1124210 0 7228448 0
1124210 0 7443583 1
1124210 0 7443585 0
1124210 0 7443586 2
1124210 0 7443588 1
1124210 0 7695217 1
1124210 0 7806221 1
1124210 0 7806222 2
1124210 0 7942804 1
1124210 0 7942807 2
1124210 0 7942808 0
1124210 0 8026735 2
1124210 0 8026737 1
1124210 0 8026738 0
1124210 0 8026740 1
1124210 0 8026743 1
1124210 0 8087696 0
1124210 0 8087702 1
1124210 0 8355477 1
1124210 0 8355478 0
1124210 0 8355479 0
1124210 0 8355483 1
1124210 0 8406413 0
1124210 0 8492302 2
1124210 0 8492305 2
1124210 0 8547690 1
1124210 0 8558068 1
1124210 0 8650639 1
1124210 0 8650642 1
1124210 0 8802909 1
1124210 0 8828525 1
1124210 0 92049 1
1124210 0 931162 0
1124210 0 931165 1
1124210 0 943794 0
264014 0 1240266 0
264014 0 1444286 2
264014 0 1610706 2
264014 0 1610707 3
264014 0 1610709 0
264014 0 1610710 0
264014 0 1610711 0
264014 0 1610714 0
264014 0 1611215 0
264014 0 1611221 0
264014 0 1702969 0
264014 0 1702972 0
264014 0 1804644 3
264014 0 2089031 0
264014 0 2164136 0
264014 0 2223171 0
264014 0 2420367 2
264014 0 2472895 0
264014 0 2474340 0
264014 0 2474341 0
264014 0 2474342 2
264014 0 2474346 2
264014 0 2498165 0
264014 0 2498169 0
264014 0 2572557 0
264014 0 2616296 0
264014 0 2689662 1
264014 0 2810700 0
264014 0 331928 0
264014 0 331929 0
264014 0 331931 0
264014 0 331932 0
264014 0 331934 0
264014 0 331936 0
264014 0 3338821 0
264014 0 3338822 0
264014 0 3338825 2
264014 0 3338826 0
264014 0 3338827 2
264014 0 3338828 0
264014 0 3362112 0
264014 0 3372501 0
264014 0 3389744 0
264014 0 3396076 3
264014 0 3577338 0
264014 0 3577340 0
264014 0 3577341 0
264014 0 3577342 0
264014 0 3577343 0
264014 0 3577344 0
264014 0 3577345 0
264014 0 3577347 0
264014 0 3601328 0
264014 0 3601329 0
264014 0 3601331 0
264014 0 3601332 0
264014 0 3601333 0
264014 0 3601334 0
264014 0 3601337 0
264014 0 3666583 0
264014 0 3666584 0
264014 0 3683674 0
264014 0 3720137 0
264014 0 3835935 0
264014 0 3841908 1
264014 0 3841909 0
264014 0 3841910 0
264014 0 4016008 0
264014 0 4016011 0
264014 0 4016017 0
264014 0 4043723 0
264014 0 4126497 0
264014 0 4239608 0
264014 0 4239612 0
264014 0 4259227 0
264014 0 4367667 0
264014 0 447992 2
264014 0 4539746 0
264014 0 4641917 0
264014 0 4647186 1
264014 0 4687213 2
264014 0 4710717 0
264014 0 4825862 0
264014 0 4825863 0
264014 0 4834543 0
264014 0 4834544 0
264014 0 4834546 0
264014 0 4834547 2
264014 0 4834548 1
264014 0 5151339 1
264014 0 5269173 0
264014 0 528372 2
264014 0 528373 0
264014 0 528375 1
264014 0 528376 0
264014 0 528377 0
264014 0 528378 0
264014 0 528379 0
264014 0 528380 2
264014 0 528381 0
264014 0 5324946 0
264014 0 5324948 0
264014 0 5328095 2
264014 0 552765 0
264014 0 5583424 0
264014 0 5583426 0
264014 0 5611210 0
264014 0 5611211 0
264014 0 5611212 2
264014 0 5611213 0
264014 0 5611214 0
264014 0 5611215 0
264014 0 5611216 0
264014 0 5611217 0
264014 0 5611218 0
264014 0 5611219 0
264014 0 5635514 0
264014 0 5635515 2
264014 0 5635516 0
264014 0 5635517 0
264014 0 5635518 0
264014 0 5635519 0
264014 0 5635520 0
264014 0 5635521 0
264014 0 5635522 0
264014 0 5635523 0
264014 0 5672391 0
264014 0 5688727 0
264014 0 5688730 0
264014 0 5780490 0
264014 0 5780498 0
264014 0 5819142 0
264014 0 58384 0
264014 0 58385 0
264014 0 58386 0
264014 0 58387 0
264014 0 5849267 0
264014 0 5849268 0
264014 0 5849270 0
264014 0 5849271 0
264014 0 5849272 0
264014 0 5849274 0
264014 0 5849711 0
264014 0 5950718 2
264014 0 5950719 0
264014 0 5950720 0
264014 0 5950721 2
264014 0 5950722 2
264014 0 5950723 0
264014 0 5950724 0
264014 0 5950726 2
264014 0 6105566 0
264014 0 6105567 0
264014 0 6105568 0
264014 0 6105569 0
264014 0 6105571 0
264014 0 6105572 2
264014 0 6198294 0
264014 0 6198295 0
264014 0 6333839 0
264014 0 6333841 0
264014 0 6334964 0
264014 0 6413944 0
264014 0 6413950 0
264014 0 6413951 0
264014 0 6501719 0
264014 0 6555321 0
264014 0 6555322 0
264014 0 6641238 2
264014 0 6641241 0
264014 0 6773914 0
264014 0 6773920 0
264014 0 6791755 0
264014 0 6791757 0
264014 0 6791760 2
264014 0 684616 0
264014 0 684618 0
264014 0 684621 0
264014 0 684622 0
264014 0 7323462 0
264014 0 7323463 0
264014 0 7323466 0
264014 0 7323467 2
264014 0 7323468 0
264014 0 7323470 0
264014 0 7323471 0
264014 0 7326932 0
264014 0 7326933 0
264014 0 7326934 1
264014 0 7326936 1
264014 0 7809272 0
264014 0 8012101 2
264014 0 8012103 0
264014 0 8332127 0
264014 0 8502491 0
264014 0 8555145 0
264014 0 8608903 0
264014 0 8608908 0
264014 0 8760488 0
264014 0 8801656 0
264014 0 8801661 0
264014 0 935825 1
264014 0 96851 2
264014 0 96852 0
264014 0 96853 0
264014 0 96854 0
264014 0 96855 3
264014 0 96856 0
264014 0 96857 2
264014 0 96858 2
264014 0 96859 0
168216 0 1090088 0
168216 0 1090089 1
168216 0 1183703 0
168216 0 1183706 1
168216 0 119130 0
168216 0 1274194 0
168216 0 1301465 1
168216 0 1301466 0
168216 0 1301467 1
168216 0 1301468 0
168216 0 1301469 2
168216 0 1301470 0
168216 0 1301471 0
168216 0 1301472 3
168216 0 1301473 0
168216 0 1301474 2
168216 0 13499 1
168216 0 1381477 1
168216 0 141221 0
168216 0 1677027 0
168216 0 1735358 0
168216 0 1735360 1
168216 0 1832002 0
168216 0 1860841 0
168216 0 1860843 0
168216 0 1860844 0
168216 0 1860848 0
168216 0 1924796 1
168216 0 1924800 1
168216 0 1974321 0
168216 0 1982106 0
168216 0 2036279 2
168216 0 2036283 0
168216 0 2069988 0
168216 0 2069992 1
168216 0 2069995 1
168216 0 2210772 2
168216 0 2210773 0
168216 0 2210774 0
168216 0 2210775 1
168216 0 2210778 0
168216 0 2210780 1
168216 0 2265769 1
168216 0 2265772 1
168216 0 2444467 0
168216 0 2611845 0
168216 0 2659074 1
168216 0 2735305 0
168216 0 2774854 0
168216 0 2774855 0
168216 0 2774860 0
168216 0 2774862 0
168216 0 2790904 2
168216 0 2806307 1
168216 0 290826 1
168216 0 3004214 0
168216 0 3033359 1
168216 0 3034378 1
168216 0 3096688 1
168216 0 3174840 0
168216 0 3198680 0
168216 0 3198681 0
168216 0 3198682 1
168216 0 3198683 1
168216 0 3198684 0
168216 0 3198685 0
168216 0 3198686 0
168216 0 3198687 2
168216 0 3198689 1
168216 0 3342536 0
168216 0 3344828 0
168216 0 3344830 0
168216 0 3344832 0
168216 0 3344833 0
168216 0 3344834 0
168216 0 3344835 0
168216 0 3344837 0
168216 0 3399712 1
168216 0 3399713 1
168216 0 3399714 0
168216 0 3399715 2
168216 0 3399716 0
168216 0 3399717 0
168216 0 3399718 0
168216 0 3399719 0
168216 0 3399720 0
168216 0 3401389 0
168216 0 3415208 0
168216 0 3463552 0
168216 0 3463555 0
168216 0 3463556 0
168216 0 3507767 0
168216 0 3556745 0
168216 0 3670943 0
168216 0 3670949 0
168216 0 3681093 0
168216 0 3681094 0
168216 0 3681095 1
168216 0 3681096 0
168216 0 3681097 0
168216 0 3681098 0
168216 0 3681099 0
168216 0 3681100 1
168216 0 3790896 0
168216 0 3830857 3
168216 0 3908773 1
168216 0 3908774 1
168216 0 3908775 0
168216 0 3908776 1
168216 0 3908777 1
168216 0 3908778 0
168216 0 3908779 1
168216 0 3908780 0
168216 0 3908781 0
168216 0 4119829 0
168216 0 4160802 0
168216 0 4191388 0
168216 0 4191389 0
168216 0 4191391 0
168216 0 4191395 1
168216 0 4191396 0
168216 0 4215276 0
168216 0 4243074 0
168216 0 4245217 0
168216 0 4245218 0
168216 0 4245219 0
168216 0 4324487 0
168216 0 4324491 1
168216 0 4324492 1
168216 0 4324493 0
168216 0 4329739 0
168216 0 4493882 0
168216 0 4498419 1
168216 0 4498423 0
168216 0 4600607 0
168216 0 4600608 0
168216 0 4600609 0
168216 0 4600610 0
168216 0 4656291 0
168216 0 4656297 0
168216 0 4741403 0
168216 0 4741406 0
168216 0 4792582 2
168216 0 4792583 1
168216 0 4918399 0
168216 0 4938900 0
168216 0 5004346 0
168216 0 5024306 0
168216 0 5024307 1
168216 0 5024309 0
168216 0 5024311 0
168216 0 5024313 0
168216 0 504720 0
168216 0 504725 0
168216 0 5050210 0
168216 0 5114458 0
168216 0 527409 0
168216 0 5293614 2
168216 0 5298477 0
168216 0 5298481 0
168216 0 5298483 0
168216 0 5298484 0
168216 0 5314644 0
168216 0 5346757 0
168216 0 5370224 0
168216 0 5657932 0
168216 0 5690224 0
168216 0 5771045 0
168216 0 5880511 0
168216 0 5935473 0
168216 0 5935474 1
168216 0 5935476 1
168216 0 5935477 0
168216 0 5935479 0
168216 0 6012597 0
168216 0 6012598 0
168216 0 6012600 0
168216 0 6061717 0
168216 0 6061718 1
168216 0 6061719 0
168216 0 6061720 0
168216 0 6061721 1
168216 0 6061722 0
168216 0 6061723 0
168216 0 6061724 0
168216 0 6061725 0
168216 0 6061726 0
168216 0 6172551 0
168216 0 6213322 2
168216 0 6213323 0
168216 0 6213324 0
168216 0 6213325 1
168216 0 6213326 0
168216 0 6214542 0
168216 0 6219117 0
168216 0 6219118 0
168216 0 6219119 0
168216 0 6219121 0
168216 0 6219122 0
168216 0 6249512 1
168216 0 6264729 0
168216 0 6264730 0
168216 0 6264731 0
168216 0 6264732 1
168216 0 6264733 1
168216 0 6264734 0
168216 0 6264735 0
168216 0 6282560 1
168216 0 6282561 2
168216 0 6282562 2
168216 0 6282564 0
168216 0 6282567 1
168216 0 6329932 0
168216 0 6426630 0
168216 0 6426631 0
168216 0 6426632 0
168216 0 6426633 0
168216 0 6426634 1
168216 0 6426635 0
168216 0 6426636 0
168216 0 6426637 0
168216 0 6426638 1
168216 0 6457806 0
168216 0 6548726 0
168216 0 6584042 0
168216 0 661750 0
168216 0 661757 0
168216 0 6643451 0
168216 0 6786380 0
168216 0 6817965 0
168216 0 689769 0
168216 0 6989580 0
168216 0 6996835 0
168216 0 7049039 0
168216 0 731200 2
168216 0 7337513 0
168216 0 7337518 0
168216 0 7337519 0
168216 0 7492748 0
168216 0 7492752 0
168216 0 7492753 0
168216 0 7492754 0
168216 0 7492755 1
168216 0 7492756 0
168216 0 7595680 0
168216 0 7595682 0
168216 0 7595684 0
168216 0 7745780 0
168216 0 8048968 1
168216 0 8048969 0
168216 0 8048973 0
168216 0 8141128 3
168216 0 8185129 0
168216 0 8185131 1
168216 0 8185134 0
168216 0 8185135 1
168216 0 8185137 1
168216 0 8252757 0
168216 0 8252758 0
168216 0 8252759 0
168216 0 8252761 0
168216 0 8252762 0
168216 0 8252763 1
168216 0 8252764 0
168216 0 8319214 0
168216 0 8319215 0
168216 0 8319216 0
168216 0 8319218 0
168216 0 8320715 0
168216 0 8400578 0
168216 0 851276 0
168216 0 856274 0
168216 0 8627333 0
168216 0 8639627 2
168216 0 8639630 2
168216 0 8639633 2
168216 0 8723467 2
168216 0 8731617 1
168216 0 8731618 0
168216 0 8731620 0
168216 0 8731621 1
168216 0 8731622 1
168216 0 8731623 2
168216 0 8731624 0
168216 0 8731625 0
168216 0 8743646 0
168216 0 8766386 0
168216 0 8766387 0
168216 0 8766391 0
1129237 0 4779185 0
1129237 0 8596871 0
1129237 0 3281185 0
1129237 0 3905806 0
1129237 0 1768895 0
1129237 0 6172874 0
1129237 0 350 0
1129237 0 305088 0
1129237 0 1849519 0
1129237 0 8415462 0
1129237 0 43857 0
1121402 0 1917417 0
1121402 0 7144704 0
1121402 0 7142994 0
1121402 0 5993274 0
1121402 0 3040510 0
1121402 0 177812 0
1121402 0 6951218 0
1121402 0 8747693 0
1121402 0 5431399 0
1121402 0 752294 0
1121402 0 2633464 0
359349 0 5854311 0
359349 0 4474871 0
359349 0 6751857 0
359349 0 4463574 0
359349 0 8398223 0
359349 0 4020474 0
359349 0 6113314 0
359349 0 576635 0
359349 0 8502520 0
359349 0 4344100 0
359349 0 8058869 0
527433 0 729489 0
527433 0 3835736 0
527433 0 5690943 0
527433 0 1993699 0
527433 0 2931559 0
527433 0 8633563 0
527433 0 6038398 0
527433 0 7252840 0
527433 0 3256671 0
527433 0 5501454 0
527433 0 1379238 0
87181 0 2556149 0
87181 0 1408695 0
87181 0 7697583 0
87181 0 295626 0
87181 0 229627 0
87181 0 5197133 0
87181 0 7255362 0
87181 0 5876723 0
87181 0 47210 0
87181 0 652422 0
87181 0 104095 0
148538 0 5828353 0
148538 0 217594 0
148538 0 4539657 0
148538 0 1311206 0
148538 0 2368186 0
148538 0 2951883 0
148538 0 4264129 0
148538 0 7507613 0
148538 0 6293679 0
148538 0 6303284 0
148538 0 2061702 0
1124210 0 6411944 0
1124210 0 7443581 0
1124210 0 3748166 0
1124210 0 8547691 0
1124210 0 2305430 0
1124210 0 131186 0
1124210 0 2650271 0
1124210 0 6928390 0
1124210 0 5430227 0
1124210 0 3162334 0
1124210 0 7715335 0
264014 0 6198286 0
264014 0 3499341 0
264014 0 3763995 0
264014 0 814520 0
264014 0 2337592 0
264014 0 8449002 0
264014 0 1546910 0
264014 0 6126984 0
264014 0 4993096 0
264014 0 1181075 0
264014 0 2090881 0
168216 0 6282565 0
168216 0 7642190 0
168216 0 2036284 0
168216 0 3463549 0
168216 0 7337064 0
168216 0 4461561 0
168216 0 6169326 0
168216 0 1389835 0
168216 0 8048970 0
168216 0 6231569 0
168216 0 6219120 0
168216 0 8048971 0
