833860 0 115142 1
833860 0 1889863 1
833860 0 2022688 1
833860 0 2037474 0
833860 0 2188108 0
833860 0 2206194 2
833860 0 2206195 2
833860 0 2206196 1
833860 0 2206197 1
833860 0 2206198 1
833860 0 2386361 1
833860 0 2386362 0
833860 0 2626241 0
833860 0 2626245 0
833860 0 2673534 0
833860 0 2673539 0
833860 0 2673542 0
833860 0 2702357 0
833860 0 3087477 0
833860 0 3087481 1
833860 0 3273428 0
833860 0 3421947 0
833860 0 3437281 0
833860 0 3437284 0
833860 0 3437285 0
833860 0 3437286 1
833860 0 3437288 0
833860 0 3437289 2
833860 0 3437290 0
833860 0 4046122 0
833860 0 4431446 1
833860 0 45135 0
833860 0 474455 0
833860 0 4841618 0
833860 0 4881965 1
833860 0 5167510 1
833860 0 5167512 0
833860 0 5167513 2
833860 0 5167518 1
833860 0 5832657 0
833860 0 5832661 0
833860 0 596153 0
833860 0 6211806 0
833860 0 6218032 0
833860 0 6218035 0
833860 0 6218040 0
833860 0 6230220 1
833860 0 6230221 0
833860 0 6230222 0
833860 0 6230223 1
833860 0 6230224 0
833860 0 6230225 0
833860 0 6230226 1
833860 0 6230227 0
833860 0 6230228 0
833860 0 6230229 0
833860 0 6292957 0
833860 0 6812180 0
833860 0 6943598 0
833860 0 6943600 0
833860 0 7038170 0
833860 0 7706738 2
833860 0 7831470 0
833860 0 8068230 0
833860 0 8068231 0
833860 0 8068233 0
833860 0 8344031 0
833860 0 8494105 0
833860 0 8833502 2
833860 0 8833504 0
833860 0 8833505 0
833860 0 8833506 0
833860 0 8833507 0
833860 0 8833509 0
833860 0 918663 0
915593 0 1396705 0
915593 0 1396708 0
915593 0 1605506 1
915593 0 1815965 1
915593 0 1907207 0
915593 0 1972028 1
915593 0 210379 0
915593 0 210384 1
915593 0 2588143 0
915593 0 275724 0
915593 0 275726 0
915593 0 275728 1
915593 0 275732 0
915593 0 2923493 1
915593 0 2923494 1
915593 0 2923496 1
915593 0 2923497 1
915593 0 2923498 0
915593 0 2923501 0
915593 0 3357360 0
915593 0 3385968 1
915593 0 3385971 0
915593 0 3485337 0
915593 0 3538160 3
915593 0 3538161 2
915593 0 3538163 1
915593 0 3538167 0
915593 0 3538168 2
915593 0 3573478 0
915593 0 4044822 0
915593 0 4279298 0
915593 0 4566818 3
915593 0 4566822 1
915593 0 4656722 0
915593 0 4834226 0
915593 0 4910037 0
915593 0 4998398 1
915593 0 5117497 0
915593 0 5774013 1
915593 0 5774014 0
915593 0 5931262 0
915593 0 5931263 0
915593 0 5931264 0
915593 0 5931265 0
915593 0 5931266 0
915593 0 5931267 0
915593 0 5931268 0
915593 0 5931269 0
915593 0 5931270 0
915593 0 5931271 0
915593 0 6142152 0
915593 0 6181638 0
915593 0 6226401 0
915593 0 6521993 1
915593 0 6761347 0
915593 0 6923052 1
915593 0 7313730 1
915593 0 7313733 0
915593 0 7709320 0
915593 0 7816726 0
915593 0 7832420 0
915593 0 7861747 0
915593 0 7861748 0
915593 0 7861749 0
915593 0 7861750 0
915593 0 7861751 0
915593 0 7861753 0
915593 0 7861755 0
915593 0 7861756 0
915593 0 7885529 0
915593 0 8002846 0
915593 0 8002850 0
915593 0 8002851 0
915593 0 8002853 0
915593 0 8002854 0
915593 0 8002855 0
915593 0 8029524 0
915593 0 8029527 1
915593 0 8029530 0
915593 0 8029531 0
915593 0 8029533 0
915593 0 8103065 2
915593 0 8103066 0
915593 0 8103067 0
915593 0 82106 2
915593 0 82107 2
915593 0 82108 2
915593 0 82110 2
915593 0 82113 2
915593 0 8402971 2
915593 0 8402972 2
915593 0 8455300 0
47923 0 1200258 0
47923 0 1296110 0
47923 0 1300989 0
47923 0 1354790 0
47923 0 1507610 0
47923 0 1508658 0
47923 0 1669816 2
47923 0 1681331 2
47923 0 1681332 2
47923 0 1681334 2
47923 0 1681335 1
47923 0 1681336 2
47923 0 1681337 2
47923 0 1681339 2
47923 0 1767240 0
47923 0 1868437 1
47923 0 1868438 1
47923 0 1923153 1
47923 0 1960681 2
47923 0 2044900 1
47923 0 2148997 1
47923 0 2157582 0
47923 0 2477210 0
47923 0 2477211 0
47923 0 2655670 0
47923 0 2719555 0
47923 0 2749477 0
47923 0 2772864 0
47923 0 284591 0
47923 0 2917510 0
47923 0 320920 1
47923 0 3246976 0
47923 0 3348837 1
47923 0 3348838 1
47923 0 3630933 2
47923 0 3630935 1
47923 0 3694265 0
47923 0 3748434 0
47923 0 3986046 0
47923 0 4081982 0
47923 0 4143232 0
47923 0 4257346 0
47923 0 4297620 3
47923 0 4321228 1
47923 0 4321230 1
47923 0 4416477 0
47923 0 4652795 2
47923 0 4684891 0
47923 0 4684893 1
47923 0 4684895 1
47923 0 473807 3
47923 0 473809 2
47923 0 4778734 1
47923 0 4793758 0
47923 0 4997370 1
47923 0 5032362 0
47923 0 5051722 0
47923 0 5053382 0
47923 0 5055000 0
47923 0 5137402 0
47923 0 5147527 0
47923 0 5147529 0
47923 0 5147530 0
47923 0 525511 0
47923 0 5417577 0
47923 0 5417580 0
47923 0 5417582 2
47923 0 5949690 0
47923 0 5966643 1
47923 0 6111296 0
47923 0 618555 1
47923 0 618556 3
47923 0 618559 1
47923 0 6191 2
47923 0 6241147 2
47923 0 6241148 2
47923 0 6241150 2
47923 0 6241151 2
47923 0 6241152 2
47923 0 6241153 2
47923 0 6241154 2
47923 0 6378779 1
47923 0 6643066 2
47923 0 6652175 1
47923 0 6696631 0
47923 0 6813699 0
47923 0 6919836 2
47923 0 7109642 1
47923 0 7644552 1
47923 0 766025 1
47923 0 778272 0
47923 0 7786719 1
47923 0 7890942 1
47923 0 7891160 1
47923 0 7914826 0
47923 0 8214977 0
47923 0 829484 0
47923 0 8327407 2
47923 0 8327408 0
47923 0 8348762 0
47923 0 84017 0
47923 0 8418681 2
47923 0 8418684 0
47923 0 8418686 2
47923 0 8421421 0
47923 0 8641104 1
47923 0 8641107 0
47923 0 8659158 0
47923 0 8836262 1
47923 0 913042 1
47923 0 986177 2
104861 0 1017092 1
104861 0 1046334 2
104861 0 1046339 2
104861 0 1058524 2
104861 0 120437 0
104861 0 1275721 0
104861 0 1304632 2
104861 0 1313687 2
104861 0 1357955 0
104861 0 1357956 0
104861 0 1357957 1
104861 0 1357961 0
104861 0 1424216 0
104861 0 146169 1
104861 0 146170 0
104861 0 146171 1
104861 0 146172 1
104861 0 146173 0
104861 0 146174 0
104861 0 146175 1
104861 0 146176 0
104861 0 146177 0
104861 0 1567102 0
104861 0 1567107 0
104861 0 1773805 0
104861 0 1773807 0
104861 0 1811410 0
104861 0 1814642 0
104861 0 1922603 0
104861 0 1948963 0
104861 0 1977801 0
104861 0 1995989 0
104861 0 2278231 0
104861 0 2377050 0
104861 0 2611066 0
104861 0 2908924 0
104861 0 2916631 0
104861 0 298180 0
104861 0 314919 0
104861 0 3443173 0
104861 0 3443176 0
104861 0 3560539 0
104861 0 3925933 0
104861 0 4017854 0
104861 0 4017855 0
104861 0 4017856 0
104861 0 4017858 0
104861 0 4043623 0
104861 0 409268 0
104861 0 4230210 0
104861 0 4230213 0
104861 0 4350439 0
104861 0 4452306 0
104861 0 459675 0
104861 0 459676 0
104861 0 4717134 0
104861 0 4819155 0
104861 0 5073457 0
104861 0 5138467 0
104861 0 5138468 1
104861 0 5138469 0
104861 0 5138470 0
104861 0 5138471 0
104861 0 5138472 0
104861 0 5138473 0
104861 0 5138474 0
104861 0 5138476 0
104861 0 5150431 0
104861 0 5248340 3
104861 0 5248341 0
104861 0 5248342 0
104861 0 5248343 0
104861 0 5248344 0
104861 0 5394110 0
104861 0 5483490 0
104861 0 5652261 0
104861 0 5652262 0
104861 0 5652263 0
104861 0 5652264 0
104861 0 5652266 1
104861 0 5662654 0
104861 0 5667475 0
104861 0 5688415 1
104861 0 5688416 0
104861 0 5688417 1
104861 0 5688418 0
104861 0 5688420 0
104861 0 5688422 0
104861 0 5688423 0
104861 0 5703400 0
104861 0 5703401 0
104861 0 5801822 0
104861 0 5836442 0
104861 0 5864689 0
104861 0 5864693 0
104861 0 5864695 0
104861 0 599604 0
104861 0 599606 1
104861 0 6056676 0
104861 0 6187055 0
104861 0 6241791 2
104861 0 6241793 0
104861 0 629270 0
104861 0 629274 1
104861 0 629276 1
104861 0 629277 0
104861 0 629278 0
104861 0 6351571 0
104861 0 6467577 0
104861 0 6467578 1
104861 0 6467579 0
104861 0 6467580 0
104861 0 6467581 0
104861 0 6467583 0
104861 0 6585554 1
104861 0 6585562 1
104861 0 6653674 0
104861 0 6653675 0
104861 0 6653677 0
104861 0 6653678 0
104861 0 6653679 1
104861 0 6658615 0
104861 0 6704672 1
104861 0 6904992 0
104861 0 715676 1
104861 0 7204477 0
104861 0 7302612 0
104861 0 7506026 0
104861 0 7506027 0
104861 0 7506028 0
104861 0 7506029 0
104861 0 8056409 0
104861 0 8056411 0
104861 0 8138536 0
104861 0 8349574 0
104861 0 8495099 0
104861 0 8546158 1
104861 0 8546159 1
104861 0 8546160 1
104861 0 8546162 0
104861 0 8748173 0
183378 0 1087366 0
183378 0 1127571 0
183378 0 1239964 1
183378 0 1239966 0
183378 0 1247358 0
183378 0 1289489 3
183378 0 1289490 3
183378 0 1289493 2
183378 0 1289495 2
183378 0 1289496 2
183378 0 1289497 3
183378 0 1555656 0
183378 0 1561158 0
183378 0 1566057 0
183378 0 1605672 1
183378 0 1605768 0
183378 0 1678834 0
183378 0 1730044 0
183378 0 1730858 1
183378 0 1750227 1
183378 0 1773958 1
183378 0 1773959 1
183378 0 1854176 0
183378 0 1908513 0
183378 0 192535 0
183378 0 1960310 1
183378 0 2046681 0
183378 0 206299 0
183378 0 2095235 1
183378 0 2095237 0
183378 0 2234245 1
183378 0 2234247 1
183378 0 229739 0
183378 0 2352713 1
183378 0 2352716 2
183378 0 2403808 2
183378 0 2403811 2
183378 0 2493332 2
183378 0 2499861 0
183378 0 2499865 0
183378 0 2533256 1
183378 0 2533260 0
183378 0 2533262 0
183378 0 2574033 0
183378 0 2593965 0
183378 0 2644128 0
183378 0 2644131 0
183378 0 2644132 0
183378 0 2644601 0
183378 0 26660 1
183378 0 2874543 2
183378 0 3009378 2
183378 0 3093214 2
183378 0 3093215 1
183378 0 3093217 0
183378 0 3093218 1
183378 0 3093220 0
183378 0 3119899 1
183378 0 3128361 0
183378 0 3128362 1
183378 0 3156614 1
183378 0 3185607 0
183378 0 3185611 2
183378 0 327908 2
183378 0 327909 0
183378 0 327913 1
183378 0 327914 0
183378 0 3377749 0
183378 0 3389578 2
183378 0 3389579 2
183378 0 3389580 2
183378 0 3389581 3
183378 0 3389582 2
183378 0 3389584 2
183378 0 3389585 1
183378 0 349581 0
183378 0 349585 0
183378 0 3561703 1
183378 0 3578563 1
183378 0 371475 0
183378 0 3719076 0
183378 0 3854211 0
183378 0 3854428 1
183378 0 3867601 0
183378 0 3867604 0
183378 0 3888461 2
183378 0 3909768 0
183378 0 3922973 0
183378 0 3928768 1
183378 0 3953758 1
183378 0 3953760 1
183378 0 3987911 1
183378 0 4034821 1
183378 0 4089637 1
183378 0 4134894 1
183378 0 4134895 1
183378 0 4134896 1
183378 0 4134897 1
183378 0 4134899 1
183378 0 4134901 1
183378 0 4134902 1
183378 0 4285002 0
183378 0 4285004 1
183378 0 448707 0
183378 0 4493913 1
183378 0 4493914 1
183378 0 4493915 3
183378 0 4493916 2
183378 0 4493917 2
183378 0 4493918 2
183378 0 4493919 2
183378 0 4493920 2
183378 0 4493921 2
183378 0 4493922 2
183378 0 4512308 0
183378 0 4727412 1
183378 0 4727416 1
183378 0 4727417 1
183378 0 4727418 1
183378 0 4727419 1
183378 0 4803847 3
183378 0 4803848 3
183378 0 4803850 0
183378 0 4803855 0
183378 0 4803856 0
183378 0 4856305 0
183378 0 4977773 0
183378 0 5026678 0
183378 0 5026680 0
183378 0 5088210 0
183378 0 5098266 0
183378 0 5260515 0
183378 0 5260519 0
183378 0 5318552 0
183378 0 5335533 0
183378 0 5391353 0
183378 0 5391354 2
183378 0 5452480 0
183378 0 5460936 0
183378 0 5460939 2
183378 0 5460941 2
183378 0 5486284 0
183378 0 5534703 2
183378 0 5534707 2
183378 0 5534710 0
183378 0 5534711 2
183378 0 5760906 0
183378 0 5798333 0
183378 0 5798338 0
183378 0 5817926 0
183378 0 5817927 1
183378 0 5867680 0
183378 0 5867683 0
183378 0 5867685 0
183378 0 5899214 0
183378 0 6109460 1
183378 0 6109461 2
183378 0 6114693 1
183378 0 6185861 0
183378 0 6220736 1
183378 0 6247404 1
183378 0 6247405 2
183378 0 6291380 2
183378 0 6533300 2
183378 0 6548233 0
183378 0 6548235 0
183378 0 6626236 0
183378 0 6788947 0
183378 0 6788949 0
183378 0 6879259 1
183378 0 7045994 0
183378 0 7128532 0
183378 0 7398706 3
183378 0 7448291 2
183378 0 7449743 1
183378 0 7449744 3
183378 0 7449747 1
183378 0 7449748 3
183378 0 7449750 2
183378 0 7449751 2
183378 0 7449752 3
183378 0 749539 0
183378 0 749540 0
183378 0 749542 2
183378 0 749544 1
183378 0 749547 1
183378 0 749548 0
183378 0 7677968 0
183378 0 7677975 0
183378 0 7678696 1
183378 0 7703397 0
183378 0 7718047 1
183378 0 7718054 1
183378 0 7734209 0
183378 0 7811888 0
183378 0 7920165 1
183378 0 7952869 0
183378 0 8006512 0
183378 0 8121375 1
183378 0 8121377 0
183378 0 8192307 0
183378 0 823211 0
183378 0 8260787 1
183378 0 8381280 0
183378 0 8485658 0
183378 0 8567665 1
183378 0 8567669 0
183378 0 8570255 0
183378 0 8570256 1
183378 0 8570257 2
183378 0 8570258 2
183378 0 8570260 2
183378 0 8570261 2
183378 0 8570263 1
183378 0 8575895 0
183378 0 8577215 0
183378 0 8598372 0
183378 0 8767239 0
183378 0 8767240 0
183378 0 8767241 0
183378 0 8794302 1
183378 0 8794303 0
183378 0 8794304 1
183378 0 8794306 2
183378 0 8794307 2
183378 0 8794308 0
183378 0 914900 0
183378 0 914901 0
183378 0 950480 0
1114819 0 1009500 0
1114819 0 1009502 0
1114819 0 1036133 0
1114819 0 104626 0
1114819 0 1074899 0
1114819 0 1092242 0
1114819 0 1119234 0
1114819 0 11843 0
1114819 0 1204744 0
1114819 0 1245291 0
1114819 0 1245292 0
1114819 0 1245295 0
1114819 0 1245298 0
1114819 0 1248112 2
1114819 0 126883 0
1114819 0 1302004 1
1114819 0 1302007 1
1114819 0 1315993 3
1114819 0 1315994 3
1114819 0 1315995 2
1114819 0 1315996 2
1114819 0 1315997 0
1114819 0 1315998 1
1114819 0 1315999 0
1114819 0 1316000 0
1114819 0 1333807 0
1114819 0 1396258 0
1114819 0 1419798 0
1114819 0 1419801 0
1114819 0 1426631 0
1114819 0 1434686 0
1114819 0 1434688 0
1114819 0 1437537 0
1114819 0 1501762 0
1114819 0 1602333 0
1114819 0 1625836 1
1114819 0 1663336 0
1114819 0 1663338 0
1114819 0 1724519 0
1114819 0 1724520 2
1114819 0 1724523 0
1114819 0 1724526 0
1114819 0 1724528 0
1114819 0 1735443 0
1114819 0 1738242 1
1114819 0 1738243 0
1114819 0 1738244 0
1114819 0 1738246 0
1114819 0 1738247 0
1114819 0 1738248 0
1114819 0 1738250 1
1114819 0 1761563 0
1114819 0 1816950 0
1114819 0 1816958 0
1114819 0 1845189 0
1114819 0 1851540 0
1114819 0 1852065 1
1114819 0 1852066 1
1114819 0 1917091 0
1114819 0 2008569 0
1114819 0 2008574 0
1114819 0 2008577 0
1114819 0 2040811 0
1114819 0 2049582 0
1114819 0 2136434 1
1114819 0 2185129 1
1114819 0 2185131 1
1114819 0 2188726 0
1114819 0 2212053 0
1114819 0 2212056 0
1114819 0 2212059 1
1114819 0 2258946 0
1114819 0 2312859 0
1114819 0 236347 0
1114819 0 2421176 0
1114819 0 2477692 2
1114819 0 2490830 0
1114819 0 2490838 0
1114819 0 255280 0
1114819 0 255283 0
1114819 0 2590447 0
1114819 0 2590448 0
1114819 0 2590449 0
1114819 0 2590450 1
1114819 0 2590451 0
1114819 0 2590453 0
1114819 0 2590454 0
1114819 0 2590455 1
1114819 0 264537 0
1114819 0 2649370 0
1114819 0 2668962 0
1114819 0 2694515 0
1114819 0 2756880 0
1114819 0 2831393 0
1114819 0 2839946 0
1114819 0 2926432 0
1114819 0 306606 0
1114819 0 3200532 0
1114819 0 3213416 0
1114819 0 3256326 0
1114819 0 3256328 0
1114819 0 3256329 0
1114819 0 3256332 0
1114819 0 327923 0
1114819 0 327926 0
1114819 0 3288112 0
1114819 0 3353671 0
1114819 0 344350 1
1114819 0 344351 0
1114819 0 344354 0
1114819 0 344355 0
1114819 0 344357 0
1114819 0 3477360 0
1114819 0 3484458 2
1114819 0 3556105 0
1114819 0 3641925 0
1114819 0 3641926 0
1114819 0 3641927 1
1114819 0 3650126 0
1114819 0 3693260 0
1114819 0 3734231 0
1114819 0 3734236 0
1114819 0 3781416 0
1114819 0 3781418 0
1114819 0 3781419 0
1114819 0 3810530 0
1114819 0 3814005 0
1114819 0 3814007 0
1114819 0 3824972 0
1114819 0 3835158 0
1114819 0 3835163 0
1114819 0 3906951 0
1114819 0 3906952 0
1114819 0 3906954 1
1114819 0 3906955 0
1114819 0 3906956 0
1114819 0 3906959 2
1114819 0 3925394 0
1114819 0 393994 0
1114819 0 4077426 0
1114819 0 4162627 0
1114819 0 4404333 0
1114819 0 4415944 0
1114819 0 4550069 0
1114819 0 468011 0
1114819 0 4700106 0
1114819 0 4700110 0
1114819 0 4700111 0
1114819 0 4700114 0
1114819 0 4865755 0
1114819 0 4865758 0
1114819 0 4890560 2
1114819 0 5019830 0
1114819 0 5019831 0
1114819 0 5019832 0
1114819 0 5019838 0
1114819 0 5019839 0
1114819 0 5026286 0
1114819 0 5165249 2
1114819 0 5196819 0
1114819 0 534362 1
1114819 0 5363580 0
1114819 0 5363582 0
1114819 0 5363583 0
1114819 0 5375238 0
1114819 0 5375243 0
1114819 0 5375245 0
1114819 0 5375246 0
1114819 0 538319 0
1114819 0 5521371 2
1114819 0 5521372 1
1114819 0 5521373 1
1114819 0 5626702 1
1114819 0 5626706 0
1114819 0 5628950 0
1114819 0 5628952 2
1114819 0 5628953 0
1114819 0 5628955 0
1114819 0 5628956 0
1114819 0 5673333 0
1114819 0 5718415 0
1114819 0 5718417 0
1114819 0 5718418 0
1114819 0 576249 0
1114819 0 576253 0
1114819 0 5858980 0
1114819 0 59259 0
1114819 0 6027612 0
1114819 0 6027616 0
1114819 0 605472 0
1114819 0 6094261 0
1114819 0 6202317 0
1114819 0 6202318 0
1114819 0 6202319 0
1114819 0 6202321 0
1114819 0 6202323 0
1114819 0 6239487 0
1114819 0 6329859 0
1114819 0 6472425 0
1114819 0 6564169 0
1114819 0 6611820 0
1114819 0 6631098 0
1114819 0 6631099 0
1114819 0 6691165 0
1114819 0 6820823 0
1114819 0 6900766 3
1114819 0 6900767 1
1114819 0 6900769 0
1114819 0 6900773 0
1114819 0 6900774 2
1114819 0 6912302 0
1114819 0 6912304 0
1114819 0 6941478 2
1114819 0 6941479 0
1114819 0 6941481 0
1114819 0 694735 1
1114819 0 694737 2
1114819 0 694738 0
1114819 0 694740 1
1114819 0 694741 0
1114819 0 6988364 0
1114819 0 7070941 0
1114819 0 7070942 0
1114819 0 7070943 0
1114819 0 710523 0
1114819 0 710524 0
1114819 0 7132893 0
1114819 0 7132894 0
1114819 0 7132895 0
1114819 0 7132896 0
1114819 0 7132897 0
1114819 0 7156443 0
1114819 0 7355554 0
1114819 0 7355561 0
1114819 0 7425393 0
1114819 0 7425394 0
1114819 0 7425395 0
1114819 0 7425397 0
1114819 0 750446 0
1114819 0 750447 0
1114819 0 7552823 0
1114819 0 7562839 0
1114819 0 7562841 0
1114819 0 7567806 0
1114819 0 7588042 0
1114819 0 7588045 1
1114819 0 7588046 0
1114819 0 7655520 0
1114819 0 7655522 0
1114819 0 768360 0
1114819 0 7696996 0
1114819 0 771719 0
1114819 0 7803429 0
1114819 0 7803435 2
1114819 0 7803436 0
1114819 0 785027 3
1114819 0 785028 2
1114819 0 785034 0
1114819 0 7850622 0
1114819 0 7851748 0
1114819 0 7851749 0
1114819 0 7873197 0
1114819 0 7914603 0
1114819 0 7928900 0
1114819 0 7991181 0
1114819 0 7991186 0
1114819 0 8022276 2
1114819 0 8022279 0
1114819 0 8022280 2
1114819 0 8022281 0
1114819 0 8024890 0
1114819 0 8027205 0
1114819 0 8027206 0
1114819 0 8027210 0
1114819 0 8088105 0
1114819 0 8088107 0
1114819 0 8088111 0
1114819 0 8096817 0
1114819 0 8096824 2
1114819 0 8099707 0
1114819 0 8115434 0
1114819 0 8115435 1
1114819 0 8115437 0
1114819 0 8115438 0
1114819 0 8115439 2
1114819 0 8115440 2
1114819 0 8115441 0
1114819 0 8115442 1
1114819 0 8115700 0
1114819 0 8115703 0
1114819 0 8115705 0
1114819 0 8125457 0
1114819 0 8146123 0
1114819 0 8321012 0
1114819 0 8336223 0
1114819 0 8336225 1
1114819 0 8336226 0
1114819 0 8336228 0
1114819 0 8336229 1
1114819 0 8336230 2
1114819 0 8336231 0
1114819 0 8336232 0
1114819 0 8461285 0
1114819 0 8480573 0
1114819 0 8480574 1
1114819 0 8505797 0
1114819 0 8508255 0
1114819 0 8508259 0
1114819 0 8508263 2
1114819 0 8579828 0
1114819 0 8579830 0
1114819 0 8579832 0
1114819 0 8579833 0
1114819 0 858812 0
1114819 0 8601477 0
1114819 0 8625086 0
1114819 0 862865 0
1114819 0 862869 0
1114819 0 8653330 0
1114819 0 8688167 0
1114819 0 8736056 1
1114819 0 8754395 0
1114819 0 8754397 0
1114819 0 8754398 0
1114819 0 8754399 0
1114819 0 8754401 0
1114819 0 8754403 0
1114819 0 8754404 0
1114819 0 8768742 0
1114819 0 8768743 0
1114819 0 8772339 0
1114819 0 8804489 0
1114819 0 956102 0
1114819 0 988369 0
1114819 0 988370 1
1114819 0 988373 0
1114819 0 988374 0
1114819 0 988375 0
1114819 0 988376 1
1114819 0 988378 0
19335 0 1720389 0
19335 0 1720395 0
19335 0 1729 0
19335 0 2046505 0
19335 0 3045565 0
19335 0 3045567 0
19335 0 3175481 0
19335 0 3175484 0
19335 0 527690 0
19335 0 527692 0
19335 0 527697 0
19335 0 6452949 0
19335 0 7122355 0
19335 0 7320614 0
19335 0 819168 1
19335 0 8412681 1
19335 0 8412682 2
19335 0 8412683 1
19335 0 8412684 1
19335 0 8412685 0
962179 0 1645080 1
962179 0 2329692 1
962179 0 2329693 1
962179 0 2329695 1
962179 0 2329696 0
962179 0 2329697 1
962179 0 2329699 2
962179 0 2329701 0
962179 0 2978864 2
962179 0 2978866 3
962179 0 2978871 0
962179 0 3705165 2
962179 0 3896632 0
962179 0 4511499 2
962179 0 4606386 2
962179 0 4606387 2
962179 0 534563 1
962179 0 536176 2
962179 0 5653659 3
962179 0 5919340 2
962179 0 5919342 2
962179 0 6898289 2
962179 0 6980697 2
962179 0 8785367 1
962179 0 8785371 3
833860 0 4046123 0
833860 0 8374729 0
833860 0 871334 0
833860 0 4046129 0
833860 0 1793612 0
833860 0 4431444 0
833860 0 1524406 0
833860 0 6083487 0
833860 0 5902300 0
833860 0 4094377 0
833860 0 6218039 0
833860 0 5127788 0
915593 0 2872589 0
915593 0 1453630 0
915593 0 5379124 0
915593 0 4378740 0
915593 0 7643828 0
915593 0 4566816 1
915593 0 8178997 0
915593 0 1396707 0
915593 0 82105 0
915593 0 3450898 0
915593 0 1396704 0
915593 0 8178998 0
47923 0 6213244 0
47923 0 6139476 0
47923 0 2061706 0
47923 0 769287 0
47923 0 2831045 0
47923 0 5065570 0
47923 0 7507613 0
47923 0 2831044 0
47923 0 5878045 0
47923 0 2061700 0
47923 0 1236611 0
47923 0 6919837 0
104861 0 1821812 0
104861 0 1922608 0
104861 0 4350435 0
104861 0 1058521 0
104861 0 7921008 0
104861 0 8286089 0
104861 0 504999 0
104861 0 7171534 0
104861 0 5582791 1
104861 0 2612284 0
104861 0 7204473 0
104861 0 5379458 0
183378 0 8507877 0
183378 0 6944335 0
183378 0 678584 0
183378 0 388938 0
183378 0 8577216 0
183378 0 1357682 0
183378 0 2382255 0
183378 0 5553207 0
183378 0 4671026 0
183378 0 4824883 0
183378 0 3662782 0
183378 0 7507613 0
1114819 0 3588499 0
1114819 0 2617237 0
1114819 0 2192058 0
1114819 0 5533983 0
1114819 0 3637385 0
1114819 0 6326221 0
1114819 0 4496923 0
1114819 0 2341526 0
1114819 0 6134462 0
1114819 0 4425328 0
1114819 0 5469602 0
1114819 0 8321019 0
19335 0 3539483 0
19335 0 6867870 0
19335 0 6999135 0
19335 0 4540809 0
19335 0 2725017 0
19335 0 2978577 0
19335 0 5078867 0
19335 0 1231807 0
19335 0 3175483 0
19335 0 1837110 0
19335 0 1871222 0
19335 0 429846 0
962179 0 6499468 0
962179 0 3579694 0
962179 0 6898290 0
962179 0 5653656 0
962179 0 4511498 0
962179 0 536178 0
962179 0 6699453 0
962179 0 2978870 0
962179 0 5773189 0
962179 0 372500 0
962179 0 8785370 0
962179 0 2329694 0
168216 0 1696466 0
168216 0 3174841 0
168216 0 385921 0
168216 0 2199602 0
