405717 0 1984962 2
405717 0 2365661 2
405717 0 2702419 2
405717 0 2702423 3
405717 0 2747484 1
405717 0 2768521 1
405717 0 2879960 1
405717 0 2879964 0
405717 0 3033900 1
405717 0 3033905 0
405717 0 3033907 0
405717 0 3274915 0
405717 0 3274918 0
405717 0 3986303 0
405717 0 3986305 0
405717 0 3986309 0
405717 0 4418059 0
405717 0 4489666 0
405717 0 4704975 2
405717 0 4704978 0
405717 0 4828118 0
405717 0 5079482 0
405717 0 5428443 3
405717 0 6654653 3
405717 0 6678050 3
405717 0 7170626 1
405717 0 7170630 1
405717 0 7288996 2
405717 0 758586 0
405717 0 7728831 2
405717 0 7896211 1
405717 0 8156519 0
405717 0 8433854 0
405717 0 8433857 2
405717 0 8433858 0
182539 0 1307234 0
182539 0 1307235 2
182539 0 1638687 1
182539 0 1638689 1
182539 0 1638690 1
182539 0 2092202 1
182539 0 2909954 0
182539 0 2909960 2
182539 0 2909961 2
182539 0 3760957 3
182539 0 3883077 2
182539 0 3883081 2
182539 0 4730803 2
182539 0 5567729 2
182539 0 5567732 2
182539 0 5701365 0
182539 0 57443 3
182539 0 57444 2
182539 0 57447 2
182539 0 57448 2
182539 0 57449 1
182539 0 57452 2
182539 0 6037973 2
182539 0 6570493 0
182539 0 6783449 2
182539 0 6816571 1
182539 0 6816572 1
182539 0 6816573 1
182539 0 6816574 1
182539 0 6816579 1
182539 0 6957819 0
182539 0 6957823 0
182539 0 6980965 0
182539 0 7371255 2
182539 0 7371257 2
182539 0 7371259 2
182539 0 7371261 2
182539 0 7371262 2
182539 0 738025 1
182539 0 7583024 2
182539 0 8299659 2
182539 0 8299661 2
182539 0 8299665 2
182539 0 8299668 2
182539 0 8515182 0
182539 0 8598792 1
182539 0 8757178 2
182539 0 8757179 2
182539 0 8757180 1
182539 0 8757181 2
182539 0 8757182 0
182539 0 8757183 0
182539 0 8757184 1
131843 0 1398253 1
131843 0 14055 0
131843 0 1453832 1
131843 0 1733695 1
131843 0 1795993 1
131843 0 2008201 0
131843 0 2041693 1
131843 0 2068929 1
131843 0 2080441 0
131843 0 2130346 1
131843 0 2193404 2
131843 0 2227327 0
131843 0 3841396 3
131843 0 423033 1
131843 0 4331032 0
131843 0 4574277 1
131843 0 4658868 2
131843 0 4751877 0
131843 0 5044392 1
131843 0 5048193 1
131843 0 5260758 0
131843 0 5286902 1
131843 0 5366085 1
131843 0 5678180 1
131843 0 5777617 3
131843 0 6036658 0
131843 0 6858933 1
131843 0 7176532 1
131843 0 7275645 2
131843 0 7487352 2
131843 0 7591291 1
131843 0 7707868 0
131843 0 7807170 1
131843 0 7811093 2
131843 0 8102602 0
131843 0 8305151 0
131843 0 8305152 3
131843 0 8305153 3
131843 0 8305154 2
131843 0 8305155 3
131843 0 8305156 3
131843 0 8305157 0
131843 0 8305158 3
131843 0 849228 1
131843 0 8554765 0
131843 0 8710808 0
131843 0 8710809 0
131843 0 8710810 0
131843 0 8710811 0
131843 0 8710812 0
131843 0 8710813 0
131843 0 8710814 0
131843 0 8834196 1
131843 0 985989 1
131843 0 985990 3
131843 0 985991 1
131843 0 985992 3
131843 0 985993 0
131843 0 985994 3
131843 0 985995 0
131843 0 988472 1
131843 0 988473 1
131843 0 988474 1
131843 0 988476 1
1113437 0 1066532 2
1113437 0 1280565 1
1113437 0 1411655 1
1113437 0 1454812 2
1113437 0 1454814 2
1113437 0 1681783 1
1113437 0 1681785 3
1113437 0 1768727 2
1113437 0 2001933 2
1113437 0 2001934 2
1113437 0 2001935 2
1113437 0 2001936 2
1113437 0 2226349 3
1113437 0 2884191 2
1113437 0 3026984 3
1113437 0 3125150 3
1113437 0 3125152 1
1113437 0 3125154 2
1113437 0 3125155 2
1113437 0 351824 3
1113437 0 351827 1
1113437 0 3518300 1
1113437 0 3685677 1
1113437 0 3687620 2
1113437 0 3687624 1
1113437 0 3880944 3
1113437 0 4016933 1
1113437 0 4016937 2
1113437 0 4016938 0
1113437 0 4367828 1
1113437 0 4367832 1
1113437 0 4498864 2
1113437 0 4751835 3
1113437 0 4751839 1
1113437 0 5188747 2
1113437 0 5514592 2
1113437 0 5546284 1
1113437 0 5546286 2
1113437 0 5546287 2
1113437 0 5546288 2
1113437 0 5781995 1
1113437 0 5863434 1
1113437 0 5996691 1
1113437 0 6021902 1
1113437 0 6174327 1
1113437 0 6174328 1
1113437 0 6174329 3
1113437 0 631949 3
1113437 0 6597538 1
1113437 0 6688843 2
1113437 0 6688846 2
1113437 0 7368427 3
1113437 0 7377270 2
1113437 0 7377271 1
1113437 0 7377272 2
1113437 0 7377274 1
1113437 0 7377275 1
1113437 0 7377277 2
1113437 0 7377278 1
1113437 0 7385216 1
1113437 0 7385217 2
1113437 0 7385219 1
1113437 0 7385221 3
1113437 0 7385222 3
1113437 0 742037 3
1113437 0 742044 3
1113437 0 7497491 2
1113437 0 7497492 2
1113437 0 7497495 1
1113437 0 7890531 1
1113437 0 8128790 1
1113437 0 8128794 1
1113437 0 8128796 1
1113437 0 8503446 1
1113437 0 8503453 1
1113437 0 8566591 2
1113437 0 8729216 1
443396 0 1055834 1
443396 0 1055835 0
443396 0 179830 0
443396 0 2130373 1
443396 0 2130375 1
443396 0 2130381 1
443396 0 2169377 2
443396 0 2671287 2
443396 0 2733683 0
443396 0 2733689 0
443396 0 2871447 0
443396 0 289513 2
443396 0 3440848 2
443396 0 3440850 3
443396 0 3440851 2
443396 0 3440853 2
443396 0 3440854 0
443396 0 3721948 0
443396 0 4205261 0
443396 0 4205264 2
443396 0 4205265 2
443396 0 4513336 1
443396 0 4513339 2
443396 0 4513342 2
443396 0 4565615 0
443396 0 457791 0
443396 0 4600638 1
443396 0 4792652 3
443396 0 4792657 2
443396 0 5444257 1
443396 0 5447938 2
443396 0 5503972 1
443396 0 6096578 2
443396 0 6346929 2
443396 0 6449327 0
443396 0 6555770 1
443396 0 6555771 2
443396 0 6555772 2
443396 0 6555773 1
443396 0 6555774 0
443396 0 6555775 0
443396 0 6555776 2
443396 0 6555778 1
443396 0 6555779 1
443396 0 6717682 1
443396 0 6743157 3
443396 0 7054522 3
443396 0 7116091 2
443396 0 725938 0
443396 0 725939 1
443396 0 725940 2
443396 0 725941 1
443396 0 725942 1
443396 0 725944 1
443396 0 725945 0
443396 0 725947 0
443396 0 7305588 0
443396 0 7519443 0
443396 0 7519448 0
443396 0 7656427 0
443396 0 7708932 1
443396 0 7708934 2
443396 0 7708935 0
443396 0 7708936 1
443396 0 7708937 2
443396 0 7708938 1
443396 0 7708939 0
443396 0 8079039 0
443396 0 8079042 2
443396 0 8079043 2
443396 0 8152556 0
443396 0 8219031 1
443396 0 8441048 2
443396 0 8536118 3
443396 0 8536121 0
443396 0 8536122 1
443396 0 8536123 3
443396 0 8693530 0
443396 0 8760085 1
443396 0 8760090 3
443396 0 8769905 2
443396 0 8769907 1
443396 0 8769908 1
443396 0 8769911 2
443396 0 8790078 1
443396 0 8790079 0
443396 0 8790080 1
443396 0 8790081 1
443396 0 8790082 1
443396 0 8790083 1
443396 0 8790084 0
443396 0 8790085 1
443396 0 8790086 1
443396 0 8793491 3
1117099 0 1389420 2
1117099 0 1440192 1
1117099 0 1445087 1
1117099 0 1565783 1
1117099 0 1652329 0
1117099 0 1682790 1
1117099 0 1687526 1
1117099 0 1798612 1
1117099 0 1798614 1
1117099 0 1798619 1
1117099 0 1798620 2
1117099 0 2058940 0
1117099 0 2153481 0
1117099 0 2153487 0
1117099 0 2504563 0
1117099 0 2515909 1
1117099 0 2579691 1
1117099 0 2605637 0
1117099 0 2790381 0
1117099 0 2790382 1
1117099 0 2790384 1
1117099 0 317868 1
1117099 0 334611 2
1117099 0 334615 0
1117099 0 3349609 2
1117099 0 3349612 3
1117099 0 3398083 1
1117099 0 3412243 1
1117099 0 3435986 0
1117099 0 3440615 0
1117099 0 3543106 3
1117099 0 3607850 1
1117099 0 3780997 0
1117099 0 3781003 0
1117099 0 3859042 0
1117099 0 3906412 1
1117099 0 3951178 1
1117099 0 4059509 0
1117099 0 4393946 0
1117099 0 4393950 0
1117099 0 4393951 1
1117099 0 4441319 0
1117099 0 4441325 2
1117099 0 444196 0
1117099 0 4458506 1
1117099 0 4458509 1
1117099 0 4458510 1
1117099 0 4458512 2
1117099 0 4573811 2
1117099 0 458682 0
1117099 0 4698655 1
1117099 0 4775947 0
1117099 0 4789127 1
1117099 0 4886519 0
1117099 0 5032726 0
1117099 0 518714 0
1117099 0 52516 0
1117099 0 52519 0
1117099 0 52523 1
1117099 0 5258462 0
1117099 0 5286536 2
1117099 0 5286538 2
1117099 0 5286539 2
1117099 0 5299235 0
1117099 0 5596485 1
1117099 0 563625 1
1117099 0 6057206 1
1117099 0 6057207 1
1117099 0 6069016 1
1117099 0 6106022 1
1117099 0 6122720 2
1117099 0 6122721 1
1117099 0 6122722 2
1117099 0 6122723 1
1117099 0 6122724 1
1117099 0 6156360 1
1117099 0 6177939 2
1117099 0 6177941 1
1117099 0 6428299 1
1117099 0 6428300 1
1117099 0 6491820 1
1117099 0 6505419 1
1117099 0 6505420 1
1117099 0 651006 1
1117099 0 6534817 1
1117099 0 6534818 3
1117099 0 6534824 2
1117099 0 690634 1
1117099 0 697158 1
1117099 0 6993942 2
1117099 0 714808 1
1117099 0 7504911 1
1117099 0 7541965 1
1117099 0 7879723 2
1117099 0 7879730 2
1117099 0 7959195 1
1117099 0 8093931 2
1117099 0 8093932 2
1117099 0 8093934 3
1117099 0 8202914 2
1117099 0 8208315 3
1117099 0 8294083 2
1117099 0 8446501 2
1117099 0 8446502 1
1117099 0 8446504 3
1117099 0 8446505 3
1117099 0 8446506 2
1117099 0 8459091 1
1117099 0 8459093 0
1117099 0 8527041 1
1117099 0 859540 1
1117099 0 8612544 1
1117099 0 8615590 2
1117099 0 8681294 2
1117099 0 8714082 2
1117099 0 8714085 2
1117099 0 8714087 2
1117099 0 8838111 2
1117099 0 926743 3
1112341 0 1035060 0
1112341 0 1035061 0
1112341 0 1035062 0
1112341 0 1035063 0
1112341 0 1035064 0
1112341 0 1035065 0
1112341 0 1035066 0
1112341 0 1035067 0
1112341 0 1035068 0
1112341 0 1228458 0
1112341 0 1253945 0
1112341 0 1253952 0
1112341 0 1267515 0
1112341 0 1267516 0
1112341 0 1267517 0
1112341 0 1267518 0
1112341 0 1267519 0
1112341 0 1267520 0
1112341 0 1369480 1
1112341 0 1369482 1
1112341 0 1373646 1
1112341 0 1373648 0
1112341 0 1702898 0
1112341 0 1702902 0
1112341 0 1707313 0
1112341 0 1707314 0
1112341 0 1707315 0
1112341 0 1707316 0
1112341 0 1707317 0
1112341 0 1707318 0
1112341 0 1707319 0
1112341 0 1707321 0
1112341 0 1998330 0
1112341 0 1998331 0
1112341 0 1998332 0
1112341 0 1998333 1
1112341 0 1998335 0
1112341 0 1998338 0
1112341 0 2155567 0
1112341 0 2173822 1
1112341 0 2468291 1
1112341 0 2468292 1
1112341 0 2468293 1
1112341 0 2468295 1
1112341 0 2468296 1
1112341 0 2468297 1
1112341 0 2468298 1
1112341 0 2468299 1
1112341 0 2468300 1
1112341 0 2596431 1
1112341 0 2596432 1
1112341 0 263958 0
1112341 0 2694630 2
1112341 0 2694631 1
1112341 0 2694632 1
1112341 0 2694635 1
1112341 0 2694636 2
1112341 0 2735215 0
1112341 0 2735219 1
1112341 0 2860744 0
1112341 0 2860747 0
1112341 0 2860749 0
1112341 0 2925770 1
1112341 0 2936512 0
1112341 0 2936513 0
1112341 0 3016394 0
1112341 0 3041083 0
1112341 0 3352255 1
1112341 0 3352256 0
1112341 0 3408231 0
1112341 0 3408235 0
1112341 0 345581 0
1112341 0 345585 0
1112341 0 3490001 0
1112341 0 355109 0
1112341 0 355114 0
1112341 0 355115 0
1112341 0 355117 0
1112341 0 355118 0
1112341 0 3552356 1
1112341 0 3670747 0
1112341 0 3670748 0
1112341 0 3670750 0
1112341 0 3670754 0
1112341 0 3670756 0
1112341 0 3795887 2
1112341 0 4102529 0
1112341 0 4161482 0
1112341 0 4416071 0
1112341 0 4416076 0
1112341 0 4566122 0
1112341 0 4566125 0
1112341 0 4595993 0
1112341 0 4595995 0
1112341 0 4595999 0
1112341 0 4704992 1
1112341 0 4977768 0
1112341 0 5043409 0
1112341 0 5133283 0
1112341 0 5133287 0
1112341 0 5133288 0
1112341 0 5192037 0
1112341 0 6102033 0
1112341 0 6164791 1
1112341 0 6303182 0
1112341 0 6303183 0
1112341 0 6303184 0
1112341 0 6303186 0
1112341 0 6303187 0
1112341 0 6311795 2
1112341 0 6311799 2
1112341 0 6311801 2
1112341 0 6342847 1
1112341 0 6726340 3
1112341 0 6726344 3
1112341 0 6947370 0
1112341 0 7088035 0
1112341 0 7088036 0
1112341 0 7088037 0
1112341 0 7088039 0
1112341 0 7088041 0
1112341 0 7373078 0
1112341 0 7373085 0
1112341 0 7516467 2
1112341 0 7615749 1
1112341 0 7708629 0
1112341 0 7714607 0
1112341 0 7752460 1
1112341 0 8134789 0
1112341 0 8134793 0
1112341 0 8134796 1
1112341 0 8134797 0
1112341 0 8139249 2
1112341 0 8139251 2
1112341 0 8139252 1
1112341 0 8139255 3
1112341 0 8139256 3
1112341 0 8139257 2
1112341 0 8139258 3
1112341 0 8442178 1
1112341 0 8606160 2
1112341 0 917582 1
1063750 0 1048074 2
1063750 0 1074552 2
1063750 0 1086039 0
1063750 0 1086043 0
1063750 0 1098172 2
1063750 0 1098177 0
1063750 0 1124053 1
1063750 0 1124058 0
1063750 0 1191942 2
1063750 0 1191945 2
1063750 0 12258 0
1063750 0 12260 2
1063750 0 12261 0
1063750 0 12264 2
1063750 0 12266 2
1063750 0 1248663 0
1063750 0 1423677 2
1063750 0 1523261 2
1063750 0 1523265 0
1063750 0 1523266 3
1063750 0 1580961 2
1063750 0 1585089 0
1063750 0 16693 2
1063750 0 1697238 1
1063750 0 1866482 2
1063750 0 1866485 0
1063750 0 1866486 3
1063750 0 1922586 2
1063750 0 1922590 0
1063750 0 1923499 2
1063750 0 1923506 2
1063750 0 2075189 0
1063750 0 2091261 0
1063750 0 2220585 3
1063750 0 2230089 3
1063750 0 2230090 1
1063750 0 2230095 2
1063750 0 2243178 3
1063750 0 2391455 2
1063750 0 2391456 2
1063750 0 2391457 0
1063750 0 2391460 1
1063750 0 2399255 2
1063750 0 2399257 1
1063750 0 2402110 0
1063750 0 2470328 2
1063750 0 2479413 2
1063750 0 2496764 0
1063750 0 2496767 1
1063750 0 2551914 2
1063750 0 2569813 2
1063750 0 2569816 3
1063750 0 2569817 0
1063750 0 2578724 0
1063750 0 2653693 0
1063750 0 2679612 0
1063750 0 2728074 2
1063750 0 2728076 0
1063750 0 2728077 0
1063750 0 2768117 2
1063750 0 2768120 1
1063750 0 2768123 2
1063750 0 2768426 2
1063750 0 2784782 1
1063750 0 2784784 1
1063750 0 2951510 2
1063750 0 2975474 1
1063750 0 3078268 0
1063750 0 3078272 1
1063750 0 309311 1
1063750 0 309313 3
1063750 0 309315 1
1063750 0 3095450 2
1063750 0 3098299 2
1063750 0 3132972 1
1063750 0 3132980 2
1063750 0 3134988 0
1063750 0 3134992 0
1063750 0 3134994 0
1063750 0 3192369 0
1063750 0 3192413 2
1063750 0 3192421 1
1063750 0 3259884 3
1063750 0 3259887 2
1063750 0 3259889 2
1063750 0 3259890 3
1063750 0 3259891 3
1063750 0 3259892 3
1063750 0 3268883 1
1063750 0 330159 3
1063750 0 330165 3
1063750 0 3327045 3
1063750 0 3327047 2
1063750 0 3327049 2
1063750 0 3327052 0
1063750 0 3334065 1
1063750 0 3376182 2
1063750 0 3376183 2
1063750 0 3394536 1
1063750 0 3394537 2
1063750 0 3484001 1
1063750 0 3484002 1
1063750 0 3503271 0
1063750 0 3516677 1
1063750 0 3610440 1
1063750 0 3610442 1
1063750 0 3610444 0
1063750 0 3610445 2
1063750 0 3610446 0
1063750 0 3654233 3
1063750 0 3654234 1
1063750 0 3654235 2
1063750 0 3654236 0
1063750 0 3672921 0
1063750 0 3676183 0
1063750 0 3676185 2
1063750 0 3802479 1
1063750 0 3802485 1
1063750 0 3802487 3
1063750 0 3802488 1
1063750 0 3871549 2
1063750 0 3965096 1
1063750 0 3973418 2
1063750 0 3973423 2
1063750 0 4066863 3
1063750 0 4080384 1
1063750 0 4100037 2
1063750 0 4158204 1
1063750 0 4158206 1
1063750 0 4193159 0
1063750 0 4310511 2
1063750 0 4310512 2
1063750 0 4337526 3
1063750 0 4337527 3
1063750 0 4337528 3
1063750 0 4337529 3
1063750 0 4337532 3
1063750 0 4341365 0
1063750 0 4487115 2
1063750 0 4487118 1
1063750 0 4541453 2
1063750 0 45591 0
1063750 0 4559127 0
1063750 0 4559128 0
1063750 0 4559130 1
1063750 0 45592 2
1063750 0 4594376 0
1063750 0 4594377 0
1063750 0 4594382 2
1063750 0 4681092 1
1063750 0 4681094 1
1063750 0 4712113 3
1063750 0 4712119 2
1063750 0 4718159 1
1063750 0 4718161 2
1063750 0 4802035 2
1063750 0 4802036 0
1063750 0 4834969 2
1063750 0 4834974 2
1063750 0 4914009 0
1063750 0 5006969 1
1063750 0 5006973 0
1063750 0 5115489 0
1063750 0 5115490 1
1063750 0 5120823 1
1063750 0 5138673 0
1063750 0 5138680 0
1063750 0 5166434 2
1063750 0 5204904 2
1063750 0 5287968 0
1063750 0 5311939 1
1063750 0 5311940 1
1063750 0 5360356 1
1063750 0 5360360 0
1063750 0 5360361 1
1063750 0 5412858 1
1063750 0 5416787 1
1063750 0 5423930 0
1063750 0 5423931 0
1063750 0 5424172 0
1063750 0 5442711 3
1063750 0 5442713 2
1063750 0 5442715 0
1063750 0 5442718 0
1063750 0 5452779 0
1063750 0 5519516 1
1063750 0 5657603 2
1063750 0 5766337 1
1063750 0 5766345 1
1063750 0 584334 0
1063750 0 5956099 3
1063750 0 5956102 2
1063750 0 5956106 2
1063750 0 6127382 0
1063750 0 6127385 0
1063750 0 6127389 3
1063750 0 621539 0
1063750 0 621544 0
1063750 0 6232574 0
1063750 0 6331478 3
1063750 0 6331481 2
1063750 0 6341347 0
1063750 0 6347199 2
1063750 0 6347200 2
1063750 0 6347205 2
1063750 0 6347206 2
1063750 0 6347207 2
1063750 0 6465909 0
1063750 0 6465910 2
1063750 0 6465912 0
1063750 0 6572590 1
1063750 0 6572591 1
1063750 0 6599404 0
1063750 0 6666444 2
1063750 0 6666451 0
1063750 0 6673653 0
1063750 0 684828 2
1063750 0 6987647 3
1063750 0 7122836 3
1063750 0 7122842 3
1063750 0 7146775 3
1063750 0 7146776 3
1063750 0 7146777 2
1063750 0 7146780 1
1063750 0 7146781 2
1063750 0 7146782 3
1063750 0 7247262 3
1063750 0 7247263 1
1063750 0 7247264 3
1063750 0 7247268 0
1063750 0 7571423 3
1063750 0 7571424 3
1063750 0 7571428 2
1063750 0 759813 3
1063750 0 7742956 2
1063750 0 7778354 3
1063750 0 7791760 2
1063750 0 7791761 1
1063750 0 7837936 3
1063750 0 7837938 3
1063750 0 7857767 1
1063750 0 7862343 0
1063750 0 7862344 3
1063750 0 7882525 1
1063750 0 7952964 2
1063750 0 7952965 3
1063750 0 7952966 3
1063750 0 7952967 2
1063750 0 7952969 3
1063750 0 7952971 3
1063750 0 7959124 1
1063750 0 8170637 0
1063750 0 8170638 1
1063750 0 8170640 2
1063750 0 8183810 2
1063750 0 819283 1
1063750 0 819284 1
1063750 0 8194910 3
1063750 0 8239876 2
1063750 0 8239877 2
1063750 0 8384973 1
1063750 0 8384975 3
1063750 0 8384979 3
1063750 0 8640242 3
1063750 0 8658912 1
1063750 0 8658915 1
1063750 0 8658918 2
1063750 0 8669866 2
1063750 0 8697948 2
1063750 0 8722081 2
1063750 0 8821734 3
1063750 0 8821735 3
1063750 0 8821736 3
1063750 0 8821738 1
1063750 0 8821739 1
1063750 0 973371 0
1037798 0 3167284 0
1037798 0 3387556 1
1037798 0 3641634 1
1037798 0 3641640 1
1037798 0 4095286 1
1037798 0 4974552 0
1037798 0 5438881 0
1037798 0 6060285 1
1037798 0 720665 1
1037798 0 7466652 1
1037798 0 7822415 3
1037798 0 8537479 1
1037798 0 8760871 3
1115776 0 1729572 2
1115776 0 2364285 2
1115776 0 3203281 1
1115776 0 3469357 3
1115776 0 4131485 2
1115776 0 4314169 1
1115776 0 4314170 2
1115776 0 4314172 1
1115776 0 4314173 2
1115776 0 4314174 1
1115776 0 4314175 2
1115776 0 4314176 2
1115776 0 5264931 3
1115776 0 5483597 0
1115776 0 5790943 1
1115776 0 5900622 1
1115776 0 6989198 2
1115776 0 8065457 0
1115776 0 8106317 3
1115776 0 8106318 0
1115776 0 8106321 3
1115776 0 8106324 0
1115776 0 8495250 2
1115776 0 8495256 2
1103812 0 1315739 1
1103812 0 1614303 3
1103812 0 1659850 0
1103812 0 1659852 0
1103812 0 2165733 0
1103812 0 2332189 2
1103812 0 2750960 1
1103812 0 2750961 3
1103812 0 2945096 1
1103812 0 3708772 1
1103812 0 3773618 1
1103812 0 3843263 0
1103812 0 3843267 0
1103812 0 3843270 1
1103812 0 3940091 2
1103812 0 4292848 2
1103812 0 4401695 3
1103812 0 5581839 0
1103812 0 5581840 0
1103812 0 6289840 1
1103812 0 7753287 0
1103812 0 8049013 0
1103812 0 8157968 0
1103812 0 8220081 1
1103812 0 8220085 3
1103812 0 8220086 3
1103812 0 8220087 3
1103812 0 8220088 2
1103812 0 8220089 2
1103812 0 8224183 0
1103812 0 8293805 1
1121709 0 3423059 1
1121709 0 3423060 1
1121709 0 3423062 1
1121709 0 3423067 3
1121709 0 8049577 0
1121709 0 8049578 0
1121709 0 8049580 0
1121709 0 8049582 0
1121709 0 8049583 3
1121709 0 8049584 2
1121709 0 8049585 1
1121709 0 8049586 0
207786 0 1029962 1
207786 0 1392585 2
207786 0 2628326 1
207786 0 2763917 3
207786 0 3717766 1
207786 0 4218707 3
207786 0 4486236 1
207786 0 6031630 1
207786 0 7510472 0
207786 0 7599318 1
207786 0 7639366 2
207786 0 7941579 3
207786 0 817177 1
207786 0 817180 1
207786 0 8185061 0
207786 0 8273754 2
207786 0 8273755 1
207786 0 8273756 1
207786 0 8273757 1
207786 0 8273758 1
207786 0 8273760 2
207786 0 8273761 2
207786 0 8273762 3
207786 0 8273763 3
1106007 0 1020463 2
1106007 0 1334328 3
1106007 0 1334330 3
1106007 0 1334331 3
1106007 0 1334334 3
1106007 0 1334335 3
1106007 0 1334336 3
1106007 0 1342527 1
1106007 0 1601160 2
1106007 0 1905163 1
1106007 0 1905166 1
1106007 0 2002045 1
1106007 0 2430920 0
1106007 0 2464375 3
1106007 0 2513609 2
1106007 0 2672601 3
1106007 0 2672608 3
1106007 0 272753 0
1106007 0 272761 1
1106007 0 2827493 0
1106007 0 2866630 3
1106007 0 293370 0
1106007 0 2960561 2
1106007 0 2960563 3
1106007 0 2960564 0
1106007 0 2960566 3
1106007 0 3470705 3
1106007 0 4173709 3
1106007 0 4787149 2
1106007 0 4787153 2
1106007 0 4787157 2
1106007 0 5204536 3
1106007 0 5204538 3
1106007 0 5716681 0
1106007 0 5774818 3
1106007 0 5780391 1
1106007 0 6032859 1
1106007 0 7500585 0
1106007 0 7500586 0
1106007 0 7500587 1
1106007 0 7685380 3
1106007 0 7685382 2
1106007 0 7685385 3
1106007 0 7685388 3
1106007 0 7797163 2
1106007 0 7797167 3
1106007 0 788333 2
1106007 0 8199520 0
1106007 0 8199524 0
1106007 0 8204457 3
1106007 0 8204462 1
1106007 0 8204463 1
1106007 0 8204464 1
1106007 0 8502783 3
1106007 0 8521673 3
1106007 0 8596078 3
1106007 0 8685446 1
1106007 0 8685453 1
1106007 0 954035 1
1106007 0 954040 0
405717 0 4196816 0
405717 0 305214 0
405717 0 5638740 0
405717 0 5428444 1
405717 0 758582 0
405717 0 1589738 0
405717 0 2747486 1
182539 0 2751871 1
182539 0 3198392 1
182539 0 6981225 0
182539 0 139775 1
182539 0 7527837 2
182539 0 120982 0
182539 0 7919974 0
131843 0 1160501 1
131843 0 683465 0
131843 0 4617920 1
131843 0 2084706 0
131843 0 2943307 3
131843 0 202309 0
131843 0 2683747 0
1113437 0 7618564 0
1113437 0 7368423 3
1113437 0 1280238 1
1113437 0 8729219 3
1113437 0 5346404 2
1113437 0 3851625 1
1113437 0 4016930 1
443396 0 7922077 0
443396 0 5460399 0
443396 0 6953654 0
443396 0 286498 1
443396 0 4452727 0
443396 0 2282017 0
443396 0 1465664 0
1117099 0 8799096 3
1117099 0 1527743 0
1117099 0 4490406 1
1117099 0 5686676 3
1117099 0 3582841 1
1117099 0 3926558 0
1117099 0 5752877 0
1112341 0 7349793 0
1112341 0 2834566 0
1112341 0 550571 0
1112341 0 1288918 0
1112341 0 8700906 1
1112341 0 3041092 0
1112341 0 7515009 0
1063750 0 5766342 1
1063750 0 7166531 0
1063750 0 6572596 0
1063750 0 2230088 1
1063750 0 4823169 0
1063750 0 3959834 0
1063750 0 2091257 1
1037798 0 184064 0
1037798 0 2157456 0
1037798 0 2970896 0
1037798 0 6917254 0
1037798 0 8224672 0
1037798 0 7818759 0
1037798 0 8780801 0
1115776 0 4984390 0
1115776 0 480800 1
1115776 0 3222646 0
1115776 0 8828147 0
1115776 0 4675180 1
1115776 0 235241 0
1115776 0 8108818 0
1103812 0 6651077 0
1103812 0 5573704 0
1103812 0 4824834 0
1103812 0 7280665 0
1103812 0 5290795 1
1103812 0 442560 1
1103812 0 1614305 1
1121709 0 4173215 0
1121709 0 2541472 1
1121709 0 3806265 0
1121709 0 1752813 0
1121709 0 1269907 0
1121709 0 1681598 0
1121709 0 3145987 0
207786 0 3758118 0
207786 0 3773663 1
207786 0 8610073 0
207786 0 2621344 1
207786 0 4672265 1
207786 0 3005378 0
207786 0 8367880 0
1106007 0 883073 0
1106007 0 6942456 0
1106007 0 2061702 0
1106007 0 1985824 0
1106007 0 2188708 1
1106007 0 1646610 1
1106007 0 817030 1
168216 0 2160687 0
168216 0 5298482 0
