87181 0 2986227 3
87181 0 5197133 2
87181 0 5469038 3
87181 0 2396481 0
87181 0 47212 3
87181 0 8151926 1
87181 0 4689525 3
87181 0 8332546 3
87181 0 47210 1
87181 0 3681089 0
1063750 0 4164404 0
1063750 0 4096516 1
1063750 0 7989977 0
1063750 0 2047790 0
1063750 0 5825113 2
1063750 0 4788296 3
1063750 0 1074552 3
1063750 0 6093910 1
1063750 0 2499705 0
1063750 0 7247264 3
87452 0 7965011 1
87452 0 3919937 1
87452 0 5751686 1
87452 0 7965004 2
87452 0 2035306 0
87452 0 4502603 0
87452 0 3678676 0
87452 0 6018162 2
87452 0 8152222 1
87452 0 186939 1
156493 0 885944 3
156493 0 7371077 3
156493 0 3288597 1
156493 0 2949801 3
156493 0 1960260 2
156493 0 6748164 0
156493 0 8182166 1
156493 0 3288599 2
156493 0 2612486 3
156493 0 7371078 1
1037798 0 8752317 0
1037798 0 3641640 2
1037798 0 8780801 0
1037798 0 3030654 1
1037798 0 3310854 0
1037798 0 3620986 3
1037798 0 8780803 1
1037798 0 8820474 0
1037798 0 4974552 1
1037798 0 3620983 2
1131069 0 2626625 0
1131069 0 6907808 3
1131069 0 6907805 1
1131069 0 5211648 1
1131069 0 5605975 1
1131069 0 6907809 1
1131069 0 325240 0
1131069 0 4167954 0
1131069 0 7290057 0
1131069 0 3688128 3
1113256 0 4456780 3
1113256 0 3137929 0
1113256 0 8084711 0
1113256 0 2067395 0
1113256 0 2550312 0
1113256 0 2713311 1
1113256 0 8130528 1
1113256 0 8130531 1
1113256 0 7082877 1
1113256 0 2713310 1
23849 0 2423771 2
23849 0 4138534 3
23849 0 7014217 3
23849 0 4091550 0
23849 0 7752628 1
23849 0 2132735 2
23849 0 1120730 3
23849 0 7431268 3
23849 0 2674124 1
23849 0 5835858 0
174463 0 6867423 1
174463 0 4710618 3
174463 0 7089624 3
174463 0 27550 0
174463 0 1835377 3
174463 0 2606974 0
174463 0 5657825 1
174463 0 4452294 2
174463 0 8770952 3
174463 0 7089629 0
640502 0 1126450 3
640502 0 6354345 2
640502 0 6702955 3
640502 0 5468145 2
640502 0 343072 2
640502 0 1226400 1
640502 0 4359297 1
640502 0 6728990 2
640502 0 6730883 3
640502 0 8612390 2
