443396 0 1055834 1
443396 0 1055835 1
443396 0 179830 1
443396 0 2130373 0
443396 0 2130375 0
443396 0 2130381 0
443396 0 2169377 1
443396 0 2671287 0
443396 0 2733683 0
443396 0 2733689 0
443396 0 2871447 0
443396 0 289513 1
443396 0 3440848 1
443396 0 3440850 3
443396 0 3440851 2
443396 0 3440853 1
443396 0 3440854 0
443396 0 3721948 1
443396 0 4205261 1
443396 0 4205264 2
443396 0 4205265 2
443396 0 4513336 1
443396 0 4513339 1
443396 0 4513342 1
443396 0 4565615 0
443396 0 457791 0
443396 0 4600638 1
443396 0 4792652 1
443396 0 4792657 2
443396 0 5444257 0
443396 0 5447938 1
443396 0 5503972 0
443396 0 6096578 0
443396 0 6346929 0
443396 0 6449327 0
443396 0 6555770 0
443396 0 6555771 0
443396 0 6555772 0
443396 0 6555773 0
443396 0 6555774 0
443396 0 6555775 0
443396 0 6555776 0
443396 0 6555778 0
443396 0 6555779 0
443396 0 6717682 0
443396 0 6743157 0
443396 0 7054522 0
443396 0 7116091 0
443396 0 725938 0
443396 0 725939 0
443396 0 725940 0
443396 0 725941 0
443396 0 725942 0
443396 0 725944 0
443396 0 725945 0
443396 0 725947 0
443396 0 7305588 0
443396 0 7519443 0
443396 0 7519448 0
443396 0 7656427 0
443396 0 7708932 0
443396 0 7708934 0
443396 0 7708935 0
443396 0 7708936 0
443396 0 7708937 0
443396 0 7708938 0
443396 0 7708939 0
443396 0 8079039 0
443396 0 8079042 0
443396 0 8079043 1
443396 0 8152556 0
443396 0 8219031 0
443396 0 8441048 0
443396 0 8536118 2
443396 0 8536121 0
443396 0 8536122 1
443396 0 8536123 2
443396 0 8693530 0
443396 0 8760085 0
443396 0 8760090 0
443396 0 8769905 0
443396 0 8769907 0
443396 0 8769908 0
443396 0 8769911 0
443396 0 8790078 0
443396 0 8790079 0
443396 0 8790080 0
443396 0 8790081 0
443396 0 8790082 0
443396 0 8790083 0
443396 0 8790084 0
443396 0 8790085 0
443396 0 8790086 0
443396 0 8793491 3
443396 0 7922077 0
443396 0 5460399 0
443396 0 6953654 0
443396 0 286498 0
443396 0 4452727 0
443396 0 2282017 0
443396 0 1465664 0
1037798 0 3167284 1
1037798 0 3387556 2
1037798 0 3641634 3
1037798 0 3641640 2
1037798 0 4095286 2
1037798 0 4974552 1
1037798 0 5438881 1
1037798 0 6060285 1
1037798 0 720665 1
1037798 0 7466652 2
1037798 0 7822415 2
1037798 0 8537479 2
1037798 0 8760871 3
1037798 0 184064 0
1037798 0 2157456 0
1037798 0 2970896 0
1037798 0 6917254 0
1037798 0 8224672 0
1037798 0 7818759 0
1037798 0 8780801 0
1106007 0 1020463 0
1106007 0 1334328 3
1106007 0 1334330 3
1106007 0 1334331 1
1106007 0 1334334 1
1106007 0 1334335 2
1106007 0 1334336 3
1106007 0 1342527 0
1106007 0 1601160 0
1106007 0 1905163 0
1106007 0 1905166 0
1106007 0 2002045 1
1106007 0 2430920 2
1106007 0 2464375 2
1106007 0 2513609 1
1106007 0 2672601 3
1106007 0 2672608 3
1106007 0 272753 0
1106007 0 272761 0
1106007 0 2827493 0
1106007 0 2866630 1
1106007 0 293370 0
1106007 0 2960561 2
1106007 0 2960563 1
1106007 0 2960564 1
1106007 0 2960566 2
1106007 0 3470705 1
1106007 0 4173709 3
1106007 0 4787149 3
1106007 0 4787153 3
1106007 0 4787157 0
1106007 0 5204536 1
1106007 0 5204538 1
1106007 0 5716681 0
1106007 0 5774818 3
1106007 0 5780391 1
1106007 0 6032859 0
1106007 0 7500585 0
1106007 0 7500586 1
1106007 0 7500587 1
1106007 0 7685380 2
1106007 0 7685382 2
1106007 0 7685385 3
1106007 0 7685388 3
1106007 0 7797163 0
1106007 0 7797167 0
1106007 0 788333 0
1106007 0 8199520 0
1106007 0 8199524 0
1106007 0 8204457 2
1106007 0 8204462 0
1106007 0 8204463 0
1106007 0 8204464 1
1106007 0 8502783 0
1106007 0 8521673 2
1106007 0 8596078 0
1106007 0 8685446 0
1106007 0 8685453 0
1106007 0 954035 0
1106007 0 954040 0
1106007 0 883073 0
1106007 0 6942456 0
1106007 0 2061702 0
1106007 0 1985824 0
1106007 0 2188708 0
1106007 0 1646610 0
1106007 0 817030 0
