443396 0 1055834 2
443396 0 1055835 1
443396 0 179830 0
443396 0 2130373 1
443396 0 2130375 1
443396 0 2130381 1
443396 0 2169377 1
443396 0 2671287 1
443396 0 2733683 1
443396 0 2733689 1
443396 0 2871447 0
443396 0 289513 1
443396 0 3440848 1
443396 0 3440850 2
443396 0 3440851 1
443396 0 3440853 1
443396 0 3440854 1
443396 0 3721948 2
443396 0 4205261 2
443396 0 4205264 3
443396 0 4205265 3
443396 0 4513336 1
443396 0 4513339 1
443396 0 4513342 1
443396 0 4565615 1
443396 0 457791 0
443396 0 4600638 1
443396 0 4792652 3
443396 0 4792657 3
443396 0 5444257 1
443396 0 5447938 1
443396 0 5503972 1
443396 0 6096578 1
443396 0 6346929 1
443396 0 6449327 1
443396 0 6555770 1
443396 0 6555771 1
443396 0 6555772 1
443396 0 6555773 1
443396 0 6555774 1
443396 0 6555775 1
443396 0 6555776 1
443396 0 6555778 1
443396 0 6555779 1
443396 0 6717682 1
443396 0 6743157 1
443396 0 7054522 1
443396 0 7116091 1
443396 0 725938 1
443396 0 725939 1
443396 0 725940 1
443396 0 725941 0
443396 0 725942 1
443396 0 725944 1
443396 0 725945 1
443396 0 725947 1
443396 0 7305588 1
443396 0 7519443 1
443396 0 7519448 0
443396 0 7656427 1
443396 0 7708932 1
443396 0 7708934 1
443396 0 7708935 1
443396 0 7708936 1
443396 0 7708937 2
443396 0 7708938 1
443396 0 7708939 1
443396 0 8079039 2
443396 0 8079042 2
443396 0 8079043 2
443396 0 8152556 1
443396 0 8219031 1
443396 0 8441048 1
443396 0 8536118 3
443396 0 8536121 0
443396 0 8536122 0
443396 0 8536123 3
443396 0 8693530 1
443396 0 8760085 0
443396 0 8760090 0
443396 0 8769905 1
443396 0 8769907 1
443396 0 8769908 1
443396 0 8769911 1
443396 0 8790078 1
443396 0 8790079 1
443396 0 8790080 1
443396 0 8790081 1
443396 0 8790082 1
443396 0 8790083 1
443396 0 8790084 1
443396 0 8790085 1
443396 0 8790086 1
443396 0 8793491 3
443396 0 7922077 0
443396 0 5460399 0
443396 0 6953654 0
443396 0 286498 1
443396 0 4452727 0
443396 0 2282017 0
443396 0 1465664 0
1037798 0 3167284 0
1037798 0 3387556 0
1037798 0 3641634 3
1037798 0 3641640 0
1037798 0 4095286 0
1037798 0 4974552 0
1037798 0 5438881 1
1037798 0 6060285 0
1037798 0 720665 0
1037798 0 7466652 0
1037798 0 7822415 1
1037798 0 8537479 2
1037798 0 8760871 1
1037798 0 184064 0
1037798 0 2157456 0
1037798 0 2970896 0
1037798 0 6917254 0
1037798 0 8224672 0
1037798 0 7818759 0
1037798 0 8780801 0
1106007 0 1020463 0
1106007 0 1334328 3
1106007 0 1334330 2
1106007 0 1334331 1
1106007 0 1334334 2
1106007 0 1334335 2
1106007 0 1334336 2
1106007 0 1342527 0
1106007 0 1601160 0
1106007 0 1905163 0
1106007 0 1905166 0
1106007 0 2002045 1
1106007 0 2430920 1
1106007 0 2464375 1
1106007 0 2513609 1
1106007 0 2672601 2
1106007 0 2672608 2
1106007 0 272753 2
1106007 0 272761 0
1106007 0 2827493 0
1106007 0 2866630 1
1106007 0 293370 2
1106007 0 2960561 1
1106007 0 2960563 3
1106007 0 2960564 2
1106007 0 2960566 3
1106007 0 3470705 2
1106007 0 4173709 2
1106007 0 4787149 0
1106007 0 4787153 0
1106007 0 4787157 0
1106007 0 5204536 2
1106007 0 5204538 2
1106007 0 5716681 0
1106007 0 5774818 1
1106007 0 5780391 1
1106007 0 6032859 0
1106007 0 7500585 0
1106007 0 7500586 0
1106007 0 7500587 1
1106007 0 7685380 1
1106007 0 7685382 1
1106007 0 7685385 2
1106007 0 7685388 3
1106007 0 7797163 0
1106007 0 7797167 0
1106007 0 788333 0
1106007 0 8199520 0
1106007 0 8199524 0
1106007 0 8204457 2
1106007 0 8204462 0
1106007 0 8204463 0
1106007 0 8204464 0
1106007 0 8502783 0
1106007 0 8521673 2
1106007 0 8596078 2
1106007 0 8685446 0
1106007 0 8685453 0
1106007 0 954035 0
1106007 0 954040 0
1106007 0 883073 0
1106007 0 6942456 0
1106007 0 2061702 0
1106007 0 1985824 0
1106007 0 2188708 0
1106007 0 1646610 0
1106007 0 817030 0
